TIME                CPU0  Core0  Core1  Core2  Core3  Core4  Core5  Core8  Core9 Core10 Core11 Core12 Core13 Core16 Core17 Core18 Core19 Core20 Core21 Core24 Core25 Core26 Core27 Core28 Core29
1644531263         43000  42000  42000  41000  40000  39000  43000  39000  39000  39000  39000  39000  39000  40000  40000  40000  40000  40000  41000  38000  39000  38000  40000  40000  39000 
1644531273         42000  41000  41000  40000  40000  39000  42000  39000  39000  38000  39000  39000  39000  40000  39000  40000  40000  40000  40000  38000  38000  38000  39000  39000  38000 
1644531283         41000  40000  40000  39000  39000  38000  41000  38000  38000  38000  38000  38000  38000  39000  38000  39000  39000  39000  40000  37000  37000  37000  38000  39000  38000 
1644531294         41000  40000  40000  39000  38000  38000  41000  37000  37000  37000  38000  37000  38000  38000  38000  38000  39000  39000  40000  36000  37000  37000  38000  39000  37000 
1644531304         40000  40000  39000  38000  38000  37000  40000  37000  37000  37000  38000  37000  37000  38000  39000  38000  39000  40000  39000  37000  38000  37000  38000  38000  37000 
1644531314         40000  39000  39000  38000  37000  38000  41000  37000  37000  36000  37000  37000  36000  38000  37000  38000  38000  38000  39000  36000  36000  36000  37000  38000  36000 
1644531325         40000  40000  40000  40000  38000  37000  39000  37000  37000  37000  37000  37000  37000  38000  37000  39000  39000  38000  39000  36000  37000  37000  38000  38000  36000 
1644531335         40000  40000  39000  38000  38000  37000  39000  37000  37000  36000  37000  37000  37000  37000  37000  38000  38000  38000  39000  36000  37000  36000  37000  37000  36000 
1644531345         40000  40000  38000  37000  37000  36000  38000  36000  37000  37000  37000  37000  37000  37000  36000  37000  38000  38000  38000  36000  36000  36000  37000  37000  36000 
1644531355         38000  38000  38000  37000  37000  36000  37000  36000  36000  36000  36000  36000  36000  36000  36000  37000  38000  37000  38000  36000  37000  36000  37000  37000  36000 
1644531366         38000  38000  38000  37000  37000  36000  38000  36000  36000  36000  36000  36000  36000  37000  36000  37000  38000  38000  38000  35000  36000  35000  37000  37000  36000 
1644531376         38000  38000  38000  38000  37000  36000  39000  36000  36000  36000  37000  36000  36000  37000  36000  37000  38000  38000  38000  35000  36000  35000  37000  37000  36000 
1644531386         38000  38000  38000  37000  37000  36000  38000  36000  36000  36000  36000  36000  36000  36000  36000  37000  37000  38000  38000  35000  36000  35000  37000  37000  36000 
1644531397         40000  38000  40000  37000  37000  35000  38000  35000  36000  36000  36000  36000  36000  37000  36000  37000  38000  38000  38000  35000  36000  35000  37000  37000  35000 
1644531407         39000  38000  37000  37000  36000  35000  38000  35000  36000  35000  36000  35000  35000  37000  36000  37000  37000  37000  38000  35000  35000  35000  36000  37000  35000 
1644531417         40000  40000  38000  37000  37000  36000  38000  36000  36000  36000  37000  36000  36000  37000  37000  37000  38000  38000  38000  35000  36000  36000  37000  37000  36000 
1644531428         39000  39000  38000  38000  37000  36000  38000  36000  36000  36000  37000  37000  36000  37000  37000  38000  38000  38000  39000  36000  37000  36000  37000  37000  36000 
1644531438         39000  39000  39000  38000  37000  37000  39000  36000  36000  37000  37000  37000  36000  37000  37000  38000  38000  38000  39000  35000  37000  36000  37000  37000  36000 
1644531448         39000  39000  39000  38000  38000  37000  39000  36000  36000  37000  37000  37000  37000  37000  37000  38000  38000  38000  39000  35000  37000  36000  37000  38000  36000 
1644531458         39000  39000  39000  38000  37000  37000  38000  36000  37000  36000  37000  37000  37000  37000  37000  38000  39000  39000  39000  36000  37000  36000  37000  38000  37000 
1644531469         39000  39000  39000  38000  38000  37000  39000  36000  37000  37000  37000  37000  37000  37000  37000  38000  39000  39000  39000  36000  37000  36000  38000  38000  36000 
1644531479         40000  39000  39000  38000  38000  37000  38000  37000  36000  37000  37000  37000  37000  37000  37000  38000  39000  39000  39000  36000  36000  36000  37000  38000  36000 
1644531489         40000  40000  39000  38000  38000  37000  39000  37000  37000  37000  37000  37000  37000  38000  37000  38000  39000  38000  39000  36000  37000  36000  37000  38000  37000 
1644531500         39000  39000  39000  38000  37000  36000  39000  37000  36000  37000  37000  37000  37000  38000  38000  38000  38000  38000  39000  36000  37000  35000  37000  38000  37000 
1644531510         42000  41000  42000  40000  39000  40000  41000  39000  39000  39000  40000  39000  39000  40000  39000  43000  41000  41000  39000  38000  39000  39000  40000  40000  39000 
1644531520         48000  41000  41000  40000  38000  38000  41000  39000  38000  49000  40000  38000  38000  39000  40000  40000  40000  40000  39000  37000  38000  38000  39000  39000  37000 
1644531531         40000  40000  40000  39000  40000  38000  39000  38000  37000  36000  37000  36000  38000  38000  38000  38000  38000  38000  39000  36000  36000  36000  37000  38000  37000 
1644531541         39000  38000  38000  39000  40000  37000  37000  36000  36000  36000  36000  36000  36000  36000  36000  37000  38000  37000  37000  34000  35000  35000  36000  37000  36000 
1644531551         38000  38000  37000  37000  38000  35000  36000  36000  35000  35000  35000  35000  36000  36000  35000  36000  37000  37000  37000  34000  34000  34000  35000  36000  35000 
1644531561         38000  38000  37000  37000  37000  36000  37000  37000  36000  36000  36000  36000  37000  37000  36000  37000  38000  38000  38000  34000  37000  36000  36000  36000  35000 
1644531572         38000  38000  37000  37000  36000  34000  36000  36000  37000  36000  36000  36000  36000  37000  36000  37000  38000  37000  38000  34000  36000  35000  36000  36000  35000 
1644531582         39000  38000  37000  37000  39000  36000  36000  36000  36000  35000  36000  35000  36000  36000  35000  36000  37000  38000  38000  34000  36000  35000  36000  36000  35000 
1644531592         38000  38000  38000  38000  38000  36000  37000  36000  36000  36000  36000  36000  36000  36000  36000  37000  37000  38000  38000  34000  35000  36000  36000  36000  35000 
1644531603         39000  38000  38000  38000  39000  36000  38000  36000  35000  35000  36000  35000  35000  36000  36000  37000  38000  37000  37000  34000  35000  36000  36000  37000  35000 
1644531613         39000  38000  39000  38000  40000  37000  38000  36000  35000  36000  36000  35000  36000  36000  36000  37000  37000  37000  37000  34000  35000  36000  36000  36000  35000 
1644531623         38000  38000  38000  38000  39000  37000  37000  36000  35000  36000  36000  35000  36000  36000  36000  36000  37000  37000  37000  34000  35000  36000  36000  36000  35000 
1644531633         39000  38000  37000  38000  39000  36000  36000  36000  36000  36000  35000  36000  36000  36000  36000  36000  37000  37000  37000  34000  35000  35000  36000  36000  35000 
1644531644         38000  38000  37000  38000  39000  36000  37000  36000  36000  35000  36000  35000  36000  36000  36000  37000  37000  37000  37000  34000  35000  35000  36000  36000  35000 
1644531654         39000  38000  38000  38000  38000  37000  37000  36000  36000  35000  36000  36000  35000  36000  36000  36000  37000  37000  37000  34000  35000  35000  36000  36000  35000 
1644531664         49000  49000  38000  37000  36000  34000  35000  36000  36000  36000  35000  35000  35000  37000  36000  36000  37000  37000  37000  34000  35000  36000  36000  36000  35000 
1644531674         50000  50000  38000  37000  36000  34000  36000  36000  36000  36000  36000  35000  35000  37000  36000  37000  37000  38000  37000  35000  35000  36000  36000  36000  35000 
1644531685         49000  49000  38000  37000  36000  35000  35000  36000  36000  36000  35000  35000  35000  37000  36000  36000  37000  37000  38000  34000  35000  36000  36000  36000  35000 
1644531695         50000  50000  38000  36000  36000  34000  35000  35000  35000  35000  36000  35000  35000  37000  36000  36000  37000  37000  37000  34000  35000  36000  36000  36000  35000 
1644531705         49000  49000  38000  37000  36000  34000  35000  35000  35000  35000  35000  35000  35000  36000  36000  36000  37000  37000  36000  34000  35000  36000  36000  35000  35000 
1644531715         49000  49000  38000  36000  35000  34000  35000  35000  35000  35000  35000  35000  35000  36000  35000  36000  37000  36000  36000  34000  34000  35000  35000  35000  34000 
1644531726         48000  49000  37000  36000  35000  34000  35000  35000  34000  35000  35000  35000  35000  36000  36000  36000  36000  36000  36000  34000  35000  35000  36000  35000  34000 
1644531736         48000  48000  38000  36000  35000  33000  35000  35000  35000  34000  35000  34000  34000  36000  36000  36000  36000  36000  36000  34000  35000  35000  35000  35000  34000 
1644531746         38000  37000  37000  36000  37000  36000  37000  35000  35000  35000  35000  35000  36000  35000  35000  35000  36000  36000  36000  33000  34000  35000  35000  35000  34000 
1644531757         37000  37000  36000  36000  35000  33000  35000  36000  37000  35000  35000  35000  37000  35000  35000  36000  36000  36000  36000  33000  34000  34000  35000  35000  34000 
1644531767         40000  38000  37000  37000  36000  35000  36000  39000  36000  36000  36000  36000  40000  37000  39000  38000  39000  39000  39000  37000  41000  36000  36000  37000  38000 
1644531778         44000  41000  41000  40000  39000  39000  41000  40000  40000  44000  40000  39000  40000  40000  40000  40000  41000  40000  40000  38000  39000  39000  40000  41000  38000 
1644531788         48000  39000  39000  38000  38000  39000  37000  36000  36000  36000  37000  37000  37000  37000  37000  37000  38000  38000  49000  35000  35000  35000  37000  37000  36000 
1644531798         40000  39000  38000  39000  40000  37000  37000  37000  36000  36000  36000  36000  36000  37000  37000  37000  37000  38000  38000  35000  35000  35000  37000  37000  36000 
1644531808         40000  38000  38000  39000  40000  37000  37000  36000  36000  35000  36000  36000  36000  36000  36000  37000  37000  37000  37000  34000  35000  35000  36000  36000  35000 
1644531819         38000  38000  38000  38000  37000  37000  38000  35000  35000  35000  36000  36000  36000  37000  36000  37000  38000  37000  38000  34000  35000  35000  36000  36000  36000 
1644531829         38000  38000  37000  37000  39000  36000  36000  36000  36000  35000  35000  36000  36000  36000  36000  37000  37000  37000  37000  34000  35000  34000  36000  36000  35000 
1644531839         39000  38000  38000  37000  36000  35000  39000  35000  36000  35000  36000  36000  36000  36000  36000  36000  37000  37000  37000  34000  35000  34000  36000  36000  35000 
1644531849         39000  38000  38000  39000  37000  37000  36000  36000  36000  35000  35000  35000  36000  36000  35000  36000  37000  37000  37000  34000  35000  34000  35000  36000  35000 
1644531860         47000  38000  38000  37000  47000  35000  36000  35000  35000  35000  36000  35000  35000  36000  36000  36000  37000  37000  38000  33000  35000  34000  35000  36000  35000 
1644531870         47000  39000  38000  38000  46000  35000  36000  34000  35000  35000  35000  35000  35000  36000  36000  37000  37000  37000  37000  33000  34000  34000  35000  36000  35000 
1644531880         42000  38000  38000  37000  42000  36000  36000  36000  36000  36000  36000  36000  36000  37000  36000  38000  38000  37000  38000  34000  36000  35000  36000  37000  36000 
1644531891         42000  38000  37000  37000  43000  35000  36000  35000  36000  36000  36000  36000  37000  36000  36000  38000  38000  37000  38000  34000  36000  35000  36000  37000  36000 
1644531901         45000  38000  40000  37000  45000  35000  36000  35000  35000  37000  37000  36000  36000  36000  36000  38000  39000  38000  38000  34000  36000  35000  37000  36000  35000 
1644531911         44000  38000  38000  37000  46000  35000  36000  35000  35000  36000  37000  36000  35000  36000  36000  38000  38000  37000  38000  34000  36000  35000  36000  36000  36000 
1644531921         45000  38000  38000  38000  45000  35000  36000  35000  35000  36000  36000  36000  36000  36000  36000  38000  38000  37000  38000  34000  36000  34000  36000  37000  35000 
1644531932         38000  38000  37000  37000  38000  35000  36000  35000  35000  35000  35000  35000  36000  36000  35000  37000  36000  37000  37000  33000  34000  34000  36000  36000  35000 
1644531942         38000  37000  37000  37000  38000  35000  35000  35000  35000  35000  35000  35000  35000  35000  35000  36000  36000  36000  37000  33000  34000  33000  35000  35000  34000 
1644531952         38000  37000  36000  37000  38000  35000  35000  35000  34000  34000  35000  35000  35000  35000  35000  36000  36000  36000  36000  33000  34000  33000  35000  35000  34000 
1644531962         37000  37000  36000  36000  36000  34000  35000  35000  35000  35000  35000  35000  35000  35000  35000  36000  36000  36000  36000  33000  34000  33000  35000  35000  34000 
1644531973         37000  37000  37000  36000  37000  35000  35000  34000  34000  35000  34000  34000  34000  35000  35000  36000  36000  36000  36000  33000  34000  33000  34000  35000  34000 
1644531983         37000  37000  36000  36000  37000  34000  35000  37000  34000  34000  34000  34000  35000  35000  34000  35000  35000  36000  37000  32000  33000  33000  34000  35000  34000 
1644531993         37000  37000  36000  36000  37000  34000  36000  35000  34000  34000  35000  35000  36000  35000  34000  36000  35000  36000  37000  33000  33000  33000  34000  35000  34000 
1644532003         38000  37000  36000  37000  38000  35000  37000  35000  34000  34000  34000  34000  35000  35000  34000  36000  35000  36000  36000  33000  34000  33000  34000  35000  34000 
1644532014         37000  37000  35000  36000  36000  33000  35000  35000  34000  34000  34000  35000  35000  35000  35000  36000  36000  36000  36000  33000  33000  33000  34000  35000  34000 
1644532024         37000  37000  36000  37000  39000  35000  35000  35000  34000  34000  34000  34000  34000  35000  35000  36000  36000  36000  36000  33000  34000  33000  35000  35000  34000 
1644532034         38000  36000  36000  37000  36000  36000  36000  34000  34000  34000  35000  34000  34000  35000  35000  36000  36000  36000  37000  33000  34000  33000  39000  35000  34000 
1644532045         38000  37000  36000  36000  37000  35000  36000  35000  35000  35000  35000  35000  35000  35000  35000  36000  36000  36000  37000  33000  34000  33000  39000  35000  34000 
1644532055         38000  37000  36000  36000  37000  34000  35000  37000  35000  34000  35000  34000  35000  35000  35000  36000  36000  36000  37000  33000  34000  33000  39000  35000  34000 
1644532065         37000  37000  36000  36000  37000  33000  35000  37000  34000  35000  34000  35000  35000  35000  35000  36000  36000  36000  36000  33000  34000  33000  35000  35000  34000 
1644532075         37000  36000  36000  36000  36000  33000  35000  37000  34000  34000  34000  34000  34000  35000  34000  35000  35000  35000  36000  32000  33000  33000  34000  35000  33000 
1644532086         37000  36000  36000  36000  37000  34000  35000  34000  34000  34000  34000  33000  34000  34000  34000  35000  35000  35000  36000  32000  33000  32000  34000  34000  33000 
1644532096         44000  36000  36000  35000  34000  34000  35000  33000  33000  33000  34000  34000  44000  34000  34000  35000  35000  35000  36000  32000  33000  32000  34000  35000  35000 
1644532106         43000  36000  36000  35000  35000  34000  35000  34000  33000  34000  34000  35000  45000  34000  34000  35000  36000  36000  36000  32000  33000  33000  34000  36000  36000 
1644532116         45000  37000  36000  36000  35000  34000  36000  33000  34000  34000  35000  35000  45000  35000  35000  36000  36000  36000  37000  32000  33000  33000  35000  36000  36000 
1644532127         39000  37000  39000  37000  37000  36000  38000  35000  35000  35000  35000  36000  36000  35000  35000  37000  36000  37000  37000  33000  34000  34000  35000  36000  35000 
1644532137         51000  38000  37000  36000  35000  35000  37000  34000  34000  34000  35000  35000  37000  35000  35000  36000  36000  36000  38000  33000  34000  33000  35000  37000  51000 
1644532147         51000  38000  37000  36000  35000  36000  38000  34000  35000  35000  35000  36000  37000  35000  35000  36000  37000  37000  38000  33000  34000  34000  40000  36000  51000 
1644532158         51000  38000  37000  36000  36000  36000  38000  34000  34000  35000  36000  36000  37000  36000  36000  37000  37000  37000  37000  33000  34000  34000  40000  37000  51000 
1644532168         51000  38000  37000  37000  36000  36000  38000  35000  35000  35000  36000  36000  37000  36000  36000  37000  37000  37000  38000  33000  35000  34000  40000  37000  51000 
1644532178         51000  38000  37000  37000  36000  36000  38000  35000  35000  35000  36000  36000  37000  36000  36000  37000  37000  37000  38000  34000  35000  34000  40000  38000  52000 
1644532189         51000  38000  37000  36000  36000  35000  37000  34000  35000  35000  36000  35000  37000  35000  36000  37000  37000  37000  38000  33000  35000  34000  35000  37000  51000 
1644532199         45000  38000  37000  37000  37000  35000  37000  36000  36000  36000  36000  37000  37000  37000  36000  37000  38000  37000  38000  35000  36000  35000  37000  37000  46000 
1644532209         49000  38000  38000  37000  37000  35000  37000  35000  35000  36000  37000  37000  38000  36000  36000  37000  38000  37000  38000  34000  36000  35000  37000  38000  50000 
1644532219         49000  38000  37000  37000  37000  36000  37000  35000  35000  37000  37000  36000  38000  36000  37000  37000  38000  38000  38000  34000  37000  36000  36000  38000  51000 
1644532230         50000  38000  38000  37000  37000  36000  37000  35000  36000  36000  37000  36000  38000  36000  36000  37000  37000  38000  38000  34000  36000  36000  37000  37000  51000 
1644532240         49000  38000  38000  37000  37000  36000  37000  35000  36000  36000  37000  36000  38000  36000  37000  37000  37000  38000  38000  34000  36000  36000  37000  37000  51000 
1644532250         50000  38000  38000  37000  36000  35000  37000  34000  34000  35000  36000  36000  37000  35000  36000  37000  37000  37000  38000  34000  35000  35000  36000  37000  51000 
1644532260         50000  37000  37000  36000  35000  35000  37000  34000  34000  35000  36000  35000  37000  35000  36000  37000  36000  37000  37000  33000  34000  35000  36000  37000  51000 
1644532271         49000  37000  36000  36000  36000  35000  37000  35000  34000  35000  35000  35000  36000  35000  35000  36000  36000  36000  37000  33000  34000  35000  36000  36000  50000 
1644532281         50000  37000  36000  36000  36000  35000  37000  34000  34000  35000  36000  35000  36000  35000  36000  36000  36000  37000  37000  33000  34000  35000  36000  37000  51000 
1644532291         50000  37000  37000  36000  36000  35000  37000  34000  34000  35000  36000  35000  37000  35000  36000  36000  36000  36000  38000  33000  34000  35000  36000  36000  50000 
1644532302         50000  37000  37000  36000  36000  35000  37000  34000  35000  35000  36000  35000  37000  35000  35000  36000  36000  37000  38000  33000  35000  35000  36000  36000  50000 
1644532312         50000  37000  37000  36000  35000  35000  37000  34000  34000  35000  35000  35000  37000  35000  35000  36000  36000  37000  37000  33000  34000  35000  35000  37000  51000 
1644532322         51000  38000  37000  36000  35000  35000  37000  34000  35000  35000  35000  35000  37000  35000  35000  37000  36000  36000  37000  33000  34000  35000  36000  37000  51000 
1644532332         51000  38000  37000  37000  36000  35000  37000  34000  35000  35000  35000  36000  37000  35000  36000  37000  37000  37000  38000  33000  34000  35000  36000  37000  51000 
1644532343         51000  38000  37000  36000  36000  35000  37000  34000  34000  34000  35000  36000  37000  36000  36000  37000  36000  37000  38000  33000  35000  35000  36000  37000  51000 
1644532353         47000  37000  37000  37000  35000  35000  37000  35000  35000  34000  35000  35000  37000  35000  35000  37000  36000  36000  38000  33000  34000  35000  35000  36000  47000 
1644532363         50000  38000  37000  37000  36000  36000  37000  35000  35000  35000  35000  36000  37000  35000  35000  36000  36000  37000  38000  33000  34000  35000  36000  37000  50000 
1644532374         44000  43000  42000  41000  41000  42000  41000  40000  39000  41000  40000  41000  40000  41000  43000  41000  42000  40000  40000  40000  39000  38000  40000  41000  41000 
1644532384         42000  39000  40000  39000  38000  38000  40000  38000  42000  38000  38000  38000  38000  38000  38000  39000  39000  39000  39000  36000  38000  37000  39000  39000  37000 
1644532395         38000  38000  38000  37000  39000  35000  36000  39000  36000  36000  36000  36000  36000  36000  36000  37000  37000  37000  38000  34000  35000  35000  36000  36000  36000 
1644532405         39000  38000  37000  38000  39000  36000  36000  35000  35000  34000  35000  35000  35000  35000  35000  35000  36000  36000  36000  33000  34000  34000  35000  36000  34000 
1644532415         37000  37000  37000  38000  36000  36000  36000  34000  34000  34000  34000  35000  34000  35000  35000  35000  36000  36000  36000  33000  33000  33000  35000  35000  34000 
1644532425         37000  36000  36000  36000  38000  34000  35000  35000  34000  33000  33000  34000  34000  34000  34000  34000  35000  35000  36000  32000  33000  33000  34000  34000  33000 
1644532436         37000  36000  36000  36000  37000  34000  35000  34000  33000  33000  33000  34000  34000  34000  34000  34000  35000  35000  35000  32000  33000  32000  34000  34000  33000 
1644532446         36000  36000  35000  35000  37000  33000  34000  33000  33000  33000  33000  33000  33000  34000  34000  34000  34000  35000  34000  32000  32000  32000  33000  34000  33000 
1644532456         36000  36000  35000  35000  35000  33000  34000  36000  33000  32000  33000  33000  33000  34000  33000  33000  34000  34000  34000  32000  33000  32000  33000  34000  33000 
1644532466         36000  36000  35000  35000  35000  33000  34000  33000  33000  33000  33000  34000  34000  34000  34000  34000  34000  34000  34000  32000  33000  32000  33000  34000  32000 
1644532477         37000  36000  35000  35000  36000  32000  34000  37000  34000  33000  33000  34000  34000  34000  34000  34000  35000  34000  35000  32000  33000  32000  33000  34000  33000 
1644532487         36000  35000  35000  35000  35000  32000  34000  34000  34000  33000  33000  34000  34000  33000  33000  34000  35000  35000  35000  32000  32000  32000  33000  34000  33000 
1644532497         36000  35000  35000  35000  37000  33000  34000  33000  34000  33000  34000  33000  33000  34000  33000  34000  34000  35000  35000  32000  33000  32000  33000  34000  33000 
1644532507         36000  36000  35000  35000  36000  35000  36000  34000  33000  33000  33000  33000  34000  33000  33000  34000  35000  35000  35000  32000  34000  32000  33000  35000  33000 
1644532518         37000  36000  35000  36000  36000  34000  35000  34000  34000  34000  34000  35000  34000  35000  34000  36000  36000  36000  36000  32000  34000  33000  34000  35000  34000 
1644532528         37000  37000  36000  36000  37000  34000  35000  36000  34000  34000  35000  35000  34000  35000  34000  36000  36000  36000  37000  33000  34000  33000  35000  36000  34000 
1644532538         37000  37000  36000  36000  37000  35000  35000  34000  34000  34000  35000  35000  35000  35000  34000  36000  36000  36000  36000  33000  34000  34000  35000  36000  34000 
1644532549         38000  37000  36000  37000  38000  35000  35000  35000  34000  34000  35000  34000  35000  35000  35000  36000  36000  36000  37000  33000  34000  34000  35000  35000  34000 
1644532559         38000  37000  36000  37000  38000  35000  35000  34000  35000  34000  35000  35000  35000  35000  34000  36000  36000  36000  37000  33000  34000  35000  35000  35000  34000 
1644532569         38000  37000  36000  36000  38000  35000  35000  37000  35000  34000  35000  35000  35000  35000  35000  36000  36000  36000  37000  33000  34000  34000  35000  35000  34000 
1644532579         37000  36000  36000  37000  37000  35000  35000  35000  34000  34000  35000  35000  35000  35000  35000  35000  36000  36000  37000  33000  34000  34000  35000  35000  34000 
1644532590         38000  37000  36000  36000  36000  35000  35000  34000  35000  34000  35000  35000  35000  35000  34000  35000  36000  36000  37000  33000  34000  34000  35000  35000  33000 
1644532600         37000  36000  36000  36000  37000  33000  35000  37000  34000  34000  34000  34000  34000  35000  34000  35000  35000  35000  36000  32000  33000  34000  34000  34000  33000 
1644532610         37000  37000  36000  36000  37000  35000  37000  34000  34000  34000  34000  34000  34000  34000  35000  35000  35000  35000  36000  33000  33000  34000  34000  34000  33000 
1644532621         37000  36000  35000  36000  37000  34000  35000  34000  34000  34000  34000  34000  34000  34000  34000  35000  35000  36000  36000  32000  33000  33000  34000  35000  33000 
1644532631         36000  36000  35000  36000  37000  34000  34000  34000  34000  33000  34000  34000  34000  34000  34000  34000  35000  35000  36000  32000  33000  33000  34000  34000  33000 
1644532641         37000  36000  35000  35000  35000  34000  34000  34000  34000  33000  33000  34000  36000  34000  34000  34000  35000  35000  36000  32000  33000  33000  34000  34000  34000 
1644532651         36000  36000  36000  35000  37000  34000  35000  34000  34000  34000  34000  35000  35000  34000  34000  35000  35000  36000  36000  32000  33000  33000  35000  35000  34000 
1644532662         37000  36000  36000  35000  37000  34000  35000  34000  34000  33000  33000  34000  34000  34000  34000  35000  35000  35000  36000  32000  33000  33000  34000  34000  33000 
1644532672         37000  36000  36000  36000  36000  35000  35000  34000  34000  34000  34000  34000  34000  34000  34000  35000  35000  35000  36000  32000  33000  34000  34000  34000  33000 
1644532682         36000  36000  35000  35000  36000  32000  34000  36000  34000  34000  33000  34000  34000  34000  34000  34000  35000  35000  36000  32000  34000  33000  34000  34000  33000 
1644532692         38000  36000  35000  36000  37000  35000  35000  34000  35000  34000  34000  34000  35000  34000  34000  35000  35000  36000  36000  33000  34000  34000  34000  35000  33000 
1644532703         36000  36000  36000  36000  37000  34000  35000  34000  34000  33000  34000  34000  34000  34000  34000  34000  35000  36000  36000  32000  33000  33000  34000  34000  33000 
1644532713         37000  36000  36000  36000  37000  35000  35000  34000  34000  33000  34000  34000  34000  34000  34000  34000  35000  35000  36000  32000  34000  34000  34000  35000  33000 
1644532723         38000  36000  38000  36000  37000  33000  34000  36000  34000  34000  34000  34000  34000  35000  34000  35000  35000  35000  36000  32000  33000  33000  34000  34000  33000 
1644532734         37000  36000  37000  37000  35000  36000  35000  34000  34000  33000  33000  34000  34000  34000  34000  35000  35000  35000  36000  32000  33000  34000  34000  35000  33000 
1644532744         38000  37000  37000  36000  36000  35000  36000  35000  35000  35000  35000  36000  36000  36000  35000  36000  36000  37000  37000  33000  34000  34000  35000  35000  34000 
1644532754         37000  37000  36000  36000  38000  35000  35000  35000  34000  34000  34000  34000  34000  34000  34000  35000  36000  36000  36000  33000  34000  34000  35000  35000  34000 
1644532765         38000  37000  36000  37000  39000  36000  35000  35000  34000  34000  34000  34000  35000  35000  34000  35000  36000  36000  37000  33000  34000  35000  35000  35000  34000 
1644532775         37000  37000  36000  36000  37000  34000  35000  35000  34000  34000  34000  35000  35000  35000  34000  35000  36000  36000  36000  33000  33000  34000  35000  35000  34000 
1644532785         37000  37000  36000  36000  36000  34000  35000  35000  34000  34000  34000  34000  35000  35000  34000  35000  36000  36000  36000  33000  33000  34000  34000  35000  34000 
1644532795         37000  37000  37000  36000  37000  34000  35000  35000  35000  34000  34000  34000  34000  35000  34000  35000  36000  36000  37000  33000  34000  34000  34000  35000  33000 
1644532806         38000  37000  37000  37000  37000  36000  35000  35000  34000  34000  34000  34000  35000  35000  34000  35000  35000  36000  36000  33000  34000  34000  35000  35000  34000 
1644532816         38000  36000  36000  36000  38000  35000  35000  34000  34000  34000  34000  34000  34000  35000  34000  35000  36000  36000  37000  33000  33000  34000  34000  35000  34000 
1644532826         37000  37000  36000  36000  38000  35000  35000  35000  34000  34000  34000  35000  34000  35000  34000  35000  36000  36000  36000  33000  34000  34000  34000  35000  34000 
1644532837         37000  37000  36000  36000  37000  35000  36000  34000  34000  34000  34000  34000  34000  35000  35000  35000  36000  36000  36000  32000  34000  34000  34000  34000  33000 
1644532847         38000  38000  37000  37000  37000  36000  36000  36000  36000  35000  36000  36000  35000  36000  35000  36000  37000  37000  37000  34000  36000  35000  36000  36000  35000 
1644532857         38000  38000  37000  37000  38000  35000  36000  36000  36000  35000  36000  35000  35000  37000  36000  37000  37000  36000  37000  35000  36000  35000  36000  36000  34000 
1644532867         38000  38000  37000  37000  38000  36000  36000  36000  36000  35000  36000  36000  36000  36000  37000  37000  37000  37000  37000  35000  36000  35000  36000  36000  35000 
1644532878         38000  38000  38000  37000  37000  36000  37000  36000  36000  36000  36000  35000  35000  36000  35000  37000  37000  37000  37000  36000  36000  35000  36000  36000  35000 
1644532888         39000  38000  37000  38000  39000  36000  36000  36000  36000  36000  36000  36000  36000  37000  36000  37000  37000  37000  37000  35000  36000  36000  36000  36000  35000 
1644532898         38000  38000  37000  38000  39000  36000  36000  36000  36000  36000  36000  35000  36000  36000  36000  37000  38000  36000  37000  36000  35000  35000  36000  36000  34000 
1644532909         38000  38000  37000  37000  37000  36000  37000  36000  36000  35000  36000  36000  35000  36000  36000  37000  37000  37000  37000  36000  35000  35000  36000  36000  34000 
1644532919         38000  38000  38000  38000  37000  37000  37000  36000  35000  35000  36000  35000  35000  37000  36000  37000  37000  37000  37000  34000  35000  35000  36000  36000  35000 
1644532929         38000  38000  37000  37000  38000  34000  36000  38000  36000  35000  36000  35000  35000  36000  36000  36000  37000  37000  37000  34000  35000  35000  35000  36000  35000 
1644532939         38000  38000  37000  37000  39000  36000  36000  35000  35000  35000  36000  35000  35000  35000  35000  37000  37000  36000  36000  33000  34000  35000  36000  36000  35000 
1644532950         38000  38000  37000  37000  37000  36000  37000  35000  36000  35000  35000  35000  35000  36000  35000  37000  37000  36000  36000  34000  35000  35000  35000  36000  34000 
1644532960         38000  38000  38000  37000  37000  34000  37000  35000  35000  35000  35000  35000  35000  35000  35000  37000  37000  36000  36000  34000  34000  35000  35000  35000  34000 
1644532970         39000  37000  36000  38000  38000  36000  36000  35000  35000  34000  35000  35000  36000  35000  35000  36000  36000  36000  36000  34000  34000  35000  35000  35000  35000 
1644532981         40000  39000  39000  38000  37000  39000  38000  37000  37000  37000  37000  37000  37000  37000  37000  42000  39000  41000  39000  35000  36000  38000  38000  39000  36000 
1644532991         45000  41000  40000  41000  41000  40000  41000  45000  40000  45000  41000  44000  40000  41000  41000  42000  45000  46000  42000  39000  40000  39000  42000  41000  39000 
1644533001         51000  39000  38000  38000  36000  37000  38000  36000  36000  36000  36000  37000  38000  37000  37000  37000  38000  38000  38000  35000  36000  35000  37000  38000  51000 
1644533012         50000  39000  38000  37000  36000  37000  39000  35000  36000  36000  36000  37000  38000  37000  36000  37000  37000  38000  38000  35000  35000  35000  37000  38000  50000 
1644533022         49000  39000  38000  37000  36000  36000  37000  35000  35000  36000  36000  36000  38000  37000  36000  37000  37000  37000  37000  35000  35000  35000  36000  37000  50000 
1644533032         49000  38000  38000  37000  36000  36000  38000  35000  35000  35000  36000  36000  37000  36000  36000  37000  37000  37000  37000  35000  35000  34000  36000  37000  50000 
1644533043         39000  38000  38000  38000  39000  36000  37000  36000  36000  35000  35000  35000  36000  36000  36000  36000  37000  37000  36000  34000  35000  34000  36000  36000  35000 
1644533053         40000  38000  40000  38000  38000  35000  35000  35000  35000  34000  34000  35000  35000  35000  35000  35000  36000  36000  36000  34000  34000  33000  35000  35000  34000 
1644533063         37000  37000  36000  36000  37000  34000  35000  38000  35000  34000  34000  34000  35000  35000  34000  35000  35000  36000  36000  33000  33000  33000  35000  35000  34000 
1644533073         37000  37000  36000  36000  37000  35000  36000  35000  34000  34000  34000  34000  34000  35000  35000  35000  35000  35000  36000  33000  33000  33000  35000  35000  34000 
1644533084         37000  37000  36000  37000  36000  35000  35000  35000  34000  33000  34000  33000  34000  34000  34000  35000  35000  35000  36000  32000  33000  33000  34000  34000  33000 
1644533094         37000  36000  36000  35000  36000  34000  35000  34000  34000  34000  34000  34000  34000  35000  35000  34000  35000  35000  36000  32000  33000  33000  34000  35000  34000 
1644533104         36000  36000  36000  35000  37000  34000  35000  35000  34000  34000  34000  34000  34000  34000  34000  35000  35000  35000  35000  32000  33000  32000  34000  35000  33000 
1644533114         37000  36000  36000  36000  36000  33000  35000  37000  34000  33000  34000  34000  34000  34000  34000  35000  35000  35000  35000  32000  33000  32000  34000  34000  33000 
1644533125         36000  36000  35000  35000  34000  33000  34000  35000  36000  34000  34000  34000  35000  34000  34000  34000  35000  35000  35000  32000  33000  32000  34000  35000  33000 
1644533135         37000  36000  36000  36000  38000  35000  35000  34000  34000  33000  34000  34000  34000  34000  34000  35000  34000  35000  35000  32000  33000  32000  34000  35000  33000 
1644533145         36000  36000  36000  36000  36000  34000  35000  34000  34000  33000  33000  34000  34000  34000  34000  34000  35000  35000  35000  32000  33000  32000  33000  34000  33000 
1644533156         38000  36000  35000  36000  38000  34000  35000  34000  33000  33000  33000  34000  34000  34000  34000  34000  35000  35000  35000  32000  33000  32000  34000  34000  33000 
1644533166         37000  37000  36000  36000  38000  35000  36000  35000  35000  35000  35000  35000  35000  36000  35000  36000  36000  37000  37000  34000  35000  35000  35000  36000  35000 
1644533176         38000  37000  36000  37000  38000  36000  36000  35000  35000  35000  35000  35000  35000  36000  35000  36000  37000  37000  37000  33000  34000  35000  36000  36000  35000 
1644533186         38000  38000  36000  36000  38000  34000  36000  38000  35000  35000  35000  35000  36000  36000  35000  37000  37000  37000  37000  34000  34000  35000  35000  36000  34000 
1644533197         38000  37000  37000  37000  38000  34000  36000  38000  35000  35000  35000  36000  36000  36000  36000  37000  37000  37000  37000  34000  35000  35000  35000  37000  35000 
1644533207         38000  37000  37000  37000  38000  34000  36000  39000  35000  35000  35000  36000  36000  36000  36000  37000  36000  37000  37000  34000  35000  35000  35000  36000  35000 
1644533217         38000  38000  37000  37000  38000  35000  36000  35000  36000  35000  35000  35000  35000  36000  35000  37000  36000  37000  38000  33000  35000  35000  35000  36000  35000 
1644533227         39000  38000  37000  37000  39000  35000  36000  36000  35000  35000  35000  35000  35000  35000  35000  37000  37000  36000  37000  33000  34000  35000  35000  36000  34000 
1644533238         38000  38000  38000  37000  36000  36000  37000  35000  36000  35000  35000  35000  35000  36000  35000  36000  37000  37000  37000  33000  34000  35000  35000  35000  35000 
1644533248         39000  37000  36000  37000  39000  36000  35000  35000  35000  34000  35000  35000  36000  36000  35000  37000  37000  36000  37000  33000  34000  35000  35000  35000  35000 
1644533258         38000  37000  36000  36000  37000  34000  36000  36000  35000  34000  34000  35000  36000  35000  35000  36000  36000  36000  37000  34000  34000  35000  35000  35000  34000 
1644533269         37000  37000  36000  36000  38000  33000  35000  38000  35000  35000  35000  36000  35000  35000  35000  35000  36000  36000  37000  33000  34000  35000  35000  35000  34000 
1644533279         38000  37000  36000  37000  37000  34000  35000  38000  35000  34000  35000  35000  35000  36000  35000  35000  36000  36000  37000  33000  34000  35000  35000  35000  34000 
1644533289         39000  37000  36000  37000  38000  35000  36000  36000  35000  35000  35000  35000  35000  35000  35000  35000  36000  36000  37000  34000  34000  35000  35000  35000  34000 
1644533299         37000  37000  36000  36000  37000  34000  35000  38000  35000  38000  35000  35000  35000  35000  35000  35000  36000  36000  37000  34000  34000  35000  35000  35000  34000 
1644533310         38000  37000  37000  37000  39000  35000  36000  35000  35000  34000  35000  34000  35000  35000  35000  36000  36000  36000  37000  34000  34000  35000  35000  35000  34000 
1644533320         38000  37000  36000  37000  39000  36000  36000  35000  34000  34000  34000  34000  35000  35000  35000  35000  36000  36000  37000  33000  34000  34000  35000  35000  34000 
1644533330         38000  37000  36000  37000  38000  35000  35000  35000  35000  34000  35000  34000  35000  35000  35000  35000  36000  36000  37000  33000  34000  33000  35000  35000  34000 
1644533340         37000  37000  36000  36000  37000  34000  35000  36000  35000  34000  34000  34000  37000  35000  35000  35000  36000  36000  37000  33000  34000  33000  35000  35000  34000 
1644533351         37000  37000  36000  36000  38000  34000  36000  37000  35000  34000  34000  35000  35000  35000  35000  35000  36000  36000  37000  33000  33000  33000  34000  35000  34000 
1644533361         39000  37000  36000  37000  38000  35000  35000  35000  34000  34000  34000  34000  35000  35000  35000  35000  36000  36000  36000  33000  34000  33000  34000  35000  34000 
1644533371         38000  37000  36000  37000  38000  35000  35000  35000  35000  34000  34000  34000  35000  35000  36000  35000  36000  36000  37000  33000  33000  33000  35000  35000  34000 
1644533382         38000  37000  37000  37000  37000  35000  37000  35000  35000  35000  35000  35000  35000  35000  36000  35000  36000  36000  37000  34000  34000  33000  35000  35000  34000 
1644533392         37000  37000  36000  36000  38000  34000  35000  35000  35000  35000  35000  35000  35000  35000  35000  35000  36000  36000  37000  33000  34000  33000  35000  35000  34000 
1644533402         38000  37000  36000  37000  38000  35000  36000  35000  35000  34000  34000  35000  35000  35000  35000  35000  36000  36000  37000  32000  34000  33000  35000  35000  34000 
1644533412         37000  37000  36000  36000  37000  34000  35000  37000  35000  34000  34000  35000  34000  35000  35000  35000  36000  36000  37000  33000  33000  33000  34000  35000  34000 
1644533423         38000  37000  37000  37000  38000  35000  36000  35000  34000  34000  34000  34000  34000  35000  35000  35000  35000  36000  37000  33000  33000  33000  34000  35000  34000 
1644533433         37000  37000  36000  36000  37000  34000  35000  34000  35000  34000  35000  34000  35000  35000  35000  35000  36000  36000  36000  33000  33000  33000  34000  35000  34000 
1644533443         37000  37000  36000  36000  36000  34000  37000  35000  35000  34000  34000  35000  35000  35000  35000  35000  36000  35000  36000  33000  34000  33000  34000  35000  34000 
1644533453         37000  37000  36000  36000  37000  35000  35000  35000  34000  34000  34000  34000  34000  35000  34000  35000  35000  36000  36000  33000  34000  33000  34000  35000  34000 
1644533464         37000  37000  37000  37000  38000  36000  36000  34000  34000  34000  34000  34000  34000  35000  35000  35000  35000  36000  37000  32000  33000  33000  35000  35000  33000 
1644533474         37000  36000  36000  36000  36000  33000  36000  37000  35000  34000  34000  34000  35000  35000  34000  35000  35000  35000  36000  33000  33000  33000  35000  35000  34000 
1644533484         37000  37000  37000  37000  38000  36000  36000  35000  35000  35000  35000  35000  35000  36000  35000  36000  36000  37000  37000  34000  35000  35000  36000  36000  35000 
1644533495         38000  38000  37000  37000  38000  35000  36000  38000  35000  35000  36000  36000  36000  36000  35000  37000  37000  37000  37000  35000  35000  35000  35000  36000  35000 
1644533505         38000  38000  37000  37000  38000  35000  36000  36000  36000  35000  36000  35000  36000  36000  36000  37000  37000  37000  37000  35000  35000  35000  36000  36000  35000 
1644533515         38000  37000  37000  37000  38000  35000  36000  36000  35000  35000  35000  35000  35000  36000  36000  37000  36000  37000  37000  34000  34000  35000  35000  36000  35000 
1644533525         38000  38000  37000  37000  38000  34000  36000  35000  35000  35000  36000  35000  35000  35000  35000  37000  37000  36000  37000  33000  35000  34000  36000  36000  35000 
1644533536         37000  37000  36000  37000  38000  35000  36000  35000  35000  35000  35000  35000  35000  36000  35000  36000  36000  36000  37000  33000  34000  34000  35000  35000  34000 
1644533546         37000  37000  37000  36000  36000  35000  36000  35000  35000  35000  36000  35000  35000  35000  35000  35000  36000  36000  37000  33000  34000  35000  35000  35000  34000 
1644533556         37000  37000  36000  37000  36000  35000  36000  35000  35000  34000  35000  35000  35000  35000  35000  35000  36000  36000  37000  33000  34000  34000  35000  35000  34000 
1644533567         37000  37000  37000  36000  38000  35000  35000  35000  35000  35000  36000  35000  35000  35000  35000  36000  36000  36000  37000  33000  34000  34000  35000  35000  34000 
1644533577         38000  37000  36000  37000  38000  35000  35000  35000  35000  34000  36000  35000  35000  35000  35000  36000  36000  36000  37000  33000  34000  35000  35000  35000  34000 
1644533587         39000  37000  36000  37000  39000  35000  35000  35000  35000  35000  35000  35000  35000  35000  35000  36000  36000  36000  37000  34000  34000  35000  35000  35000  34000 
1644533597         38000  37000  36000  37000  38000  36000  36000  35000  35000  34000  35000  35000  35000  35000  35000  35000  36000  36000  37000  34000  34000  35000  35000  35000  34000 
1644533608         39000  39000  38000  38000  38000  37000  38000  36000  36000  36000  36000  36000  36000  37000  37000  37000  37000  37000  37000  35000  35000  36000  36000  36000  35000 
1644533618         49000  40000  49000  40000  38000  37000  38000  36000  36000  37000  37000  36000  36000  37000  37000  38000  38000  38000  38000  35000  36000  35000  37000  37000  36000 
1644533628         48000  40000  48000  40000  37000  36000  37000  36000  36000  36000  36000  36000  36000  37000  37000  37000  38000  37000  38000  35000  35000  35000  36000  36000  36000 
1644533639         48000  40000  48000  39000  37000  36000  37000  36000  36000  36000  36000  36000  36000  37000  38000  37000  38000  37000  37000  35000  35000  35000  36000  36000  35000 
1644533649         48000  40000  48000  39000  37000  36000  37000  35000  35000  36000  35000  36000  36000  37000  37000  37000  38000  37000  37000  34000  35000  35000  36000  36000  35000 
1644533659         48000  39000  47000  39000  36000  35000  36000  35000  35000  36000  35000  35000  36000  37000  36000  36000  37000  37000  37000  34000  35000  34000  35000  36000  35000 
1644533669         48000  39000  47000  39000  36000  36000  37000  35000  35000  35000  36000  35000  35000  36000  36000  36000  37000  37000  37000  34000  34000  34000  35000  36000  34000 
1644533680         48000  39000  48000  39000  36000  35000  36000  35000  35000  35000  35000  35000  35000  36000  36000  36000  36000  36000  37000  34000  34000  35000  35000  36000  35000 
1644533690         47000  39000  47000  38000  36000  35000  36000  35000  35000  35000  35000  35000  35000  36000  36000  36000  36000  36000  36000  34000  34000  34000  35000  36000  34000 
1644533700         37000  36000  36000  36000  37000  33000  35000  37000  34000  34000  34000  34000  35000  35000  34000  35000  35000  36000  36000  33000  33000  33000  35000  35000  34000 
1644533710         48000  48000  37000  36000  35000  33000  34000  34000  34000  34000  34000  34000  34000  36000  35000  35000  35000  36000  36000  33000  33000  33000  34000  34000  33000 
1644533721         46000  46000  37000  36000  35000  34000  34000  34000  34000  35000  34000  34000  34000  35000  35000  35000  36000  36000  36000  33000  33000  33000  34000  35000  33000 
1644533731         44000  45000  38000  37000  35000  34000  34000  34000  34000  34000  34000  34000  34000  36000  35000  35000  36000  36000  36000  33000  34000  33000  35000  35000  33000 
1644533741         45000  45000  37000  36000  35000  34000  34000  34000  35000  34000  34000  34000  34000  36000  35000  35000  36000  36000  36000  33000  33000  33000  34000  34000  34000 
1644533752         45000  44000  37000  37000  35000  34000  35000  35000  35000  34000  34000  34000  34000  36000  35000  35000  36000  36000  36000  33000  34000  33000  34000  34000  33000 
1644533762         48000  47000  38000  36000  35000  34000  35000  34000  34000  34000  35000  34000  34000  36000  35000  35000  36000  36000  36000  33000  33000  33000  35000  35000  34000 
1644533772         48000  47000  37000  36000  35000  34000  34000  34000  34000  34000  34000  34000  34000  36000  35000  35000  35000  35000  35000  33000  33000  33000  34000  34000  33000 
1644533782         47000  47000  37000  36000  35000  34000  34000  34000  34000  34000  34000  34000  33000  35000  35000  35000  35000  36000  36000  33000  33000  33000  34000  34000  33000 
1644533793         47000  47000  37000  36000  35000  34000  35000  34000  34000  34000  34000  34000  34000  36000  35000  35000  35000  36000  35000  33000  33000  33000  34000  34000  33000 
1644533803         42000  42000  37000  36000  36000  34000  36000  35000  35000  35000  35000  36000  35000  36000  35000  37000  37000  37000  37000  34000  35000  34000  36000  36000  35000 
1644533813         43000  43000  37000  36000  36000  35000  36000  35000  36000  36000  36000  36000  36000  36000  36000  37000  37000  37000  37000  34000  36000  35000  35000  36000  35000 
1644533824         44000  43000  38000  37000  36000  35000  36000  35000  36000  36000  36000  35000  35000  36000  36000  37000  37000  37000  38000  34000  36000  35000  36000  36000  35000 
1644533834         43000  43000  38000  37000  36000  35000  36000  35000  36000  36000  36000  35000  35000  36000  36000  37000  37000  37000  37000  34000  36000  35000  36000  36000  35000 
1644533844         44000  45000  38000  37000  36000  35000  36000  35000  36000  36000  36000  35000  35000  36000  36000  37000  38000  38000  38000  34000  35000  35000  36000  36000  35000 
1644533854         46000  46000  38000  38000  37000  36000  36000  35000  36000  36000  36000  36000  35000  36000  36000  37000  38000  37000  38000  34000  35000  36000  36000  36000  34000 
1644533865         46000  46000  38000  38000  37000  35000  36000  35000  36000  36000  37000  36000  36000  37000  36000  37000  38000  37000  38000  34000  35000  36000  36000  36000  35000 
1644533875         47000  47000  38000  37000  37000  35000  36000  35000  37000  36000  36000  36000  35000  37000  37000  37000  38000  37000  38000  34000  35000  36000  36000  37000  35000 
1644533885         45000  45000  38000  38000  37000  35000  36000  35000  36000  36000  37000  35000  35000  37000  37000  37000  38000  37000  38000  34000  36000  36000  36000  36000  35000 
1644533895         46000  46000  38000  37000  36000  35000  36000  35000  36000  36000  36000  36000  35000  37000  36000  37000  38000  37000  38000  34000  35000  36000  36000  36000  34000 
1644533906         45000  45000  38000  38000  36000  35000  36000  36000  36000  36000  36000  35000  35000  37000  36000  37000  37000  37000  38000  34000  35000  36000  36000  36000  35000 
1644533916         46000  46000  38000  37000  36000  35000  36000  35000  36000  36000  36000  35000  35000  37000  36000  37000  37000  37000  38000  34000  35000  36000  36000  36000  35000 
1644533926         46000  46000  38000  37000  36000  35000  36000  35000  36000  36000  36000  35000  35000  36000  36000  37000  37000  37000  37000  34000  35000  35000  36000  36000  34000 
1644533936         46000  46000  38000  37000  36000  36000  36000  35000  36000  35000  36000  35000  35000  36000  36000  37000  37000  37000  38000  34000  35000  36000  36000  36000  34000 
1644533947         47000  47000  38000  37000  36000  35000  36000  35000  36000  36000  36000  35000  35000  37000  36000  37000  37000  37000  38000  34000  35000  36000  36000  36000  34000 
1644533957         47000  47000  38000  37000  36000  35000  36000  35000  36000  35000  36000  35000  35000  36000  36000  37000  37000  36000  38000  34000  35000  36000  36000  36000  35000 
1644533967         47000  47000  38000  37000  37000  36000  36000  36000  36000  36000  36000  36000  36000  36000  36000  37000  37000  37000  38000  34000  36000  36000  36000  36000  35000 
1644533977         46000  46000  38000  37000  36000  35000  36000  35000  36000  36000  36000  35000  35000  36000  36000  37000  37000  36000  38000  34000  35000  36000  36000  36000  35000 
1644533988         46000  46000  38000  37000  36000  35000  36000  35000  36000  36000  36000  35000  35000  37000  37000  37000  37000  37000  38000  34000  35000  36000  36000  36000  34000 
1644533998         45000  45000  38000  37000  36000  36000  36000  35000  36000  35000  36000  35000  35000  36000  36000  37000  37000  37000  38000  34000  35000  36000  36000  36000  35000 
1644534008         47000  48000  38000  38000  36000  35000  36000  35000  35000  35000  36000  36000  35000  36000  36000  37000  37000  37000  38000  34000  35000  36000  36000  36000  35000 
1644534018         46000  46000  38000  38000  37000  35000  36000  35000  35000  35000  36000  35000  35000  36000  36000  37000  37000  37000  37000  34000  36000  35000  36000  36000  35000 
1644534029         47000  47000  38000  37000  36000  35000  36000  35000  35000  35000  36000  35000  35000  37000  36000  37000  37000  37000  37000  34000  35000  36000  36000  36000  35000 
1644534039         47000  47000  38000  37000  36000  35000  36000  35000  35000  36000  36000  35000  35000  37000  36000  37000  37000  37000  38000  34000  35000  36000  36000  36000  35000 
1644534049         47000  47000  38000  37000  36000  35000  37000  35000  35000  35000  36000  35000  35000  36000  36000  37000  37000  37000  38000  34000  35000  35000  36000  36000  35000 
1644534060         47000  47000  38000  37000  37000  35000  36000  35000  35000  35000  36000  35000  35000  36000  36000  37000  37000  37000  38000  34000  35000  36000  36000  36000  35000 
1644534070         48000  39000  38000  37000  36000  36000  37000  35000  35000  36000  37000  48000  36000  36000  37000  37000  38000  38000  38000  34000  35000  36000  37000  37000  35000 
1644534080         47000  38000  38000  37000  36000  36000  37000  35000  35000  36000  37000  48000  36000  36000  36000  37000  37000  38000  38000  34000  35000  35000  37000  37000  35000 
1644534090         47000  38000  38000  37000  36000  36000  37000  35000  36000  36000  37000  47000  36000  36000  36000  37000  37000  39000  38000  33000  35000  36000  37000  37000  35000 
1644534101         47000  38000  38000  37000  36000  36000  37000  34000  35000  35000  37000  47000  36000  36000  36000  37000  38000  38000  38000  34000  35000  36000  37000  37000  35000 
1644534111         47000  38000  38000  37000  36000  36000  37000  34000  35000  36000  37000  47000  35000  36000  36000  37000  38000  38000  38000  34000  35000  36000  37000  37000  35000 
1644534121         44000  38000  37000  37000  37000  35000  37000  36000  36000  36000  37000  44000  36000  37000  36000  37000  38000  39000  38000  35000  36000  36000  37000  37000  36000 
1644534132         44000  38000  38000  37000  37000  36000  37000  35000  36000  37000  37000  44000  36000  37000  36000  38000  39000  39000  39000  35000  37000  36000  37000  37000  36000 
1644534142         44000  38000  38000  38000  36000  36000  37000  35000  36000  37000  38000  45000  36000  37000  36000  38000  39000  39000  39000  34000  37000  36000  37000  38000  36000 
1644534152         46000  38000  37000  38000  37000  35000  37000  36000  36000  36000  38000  47000  36000  37000  36000  38000  38000  39000  38000  34000  36000  36000  37000  38000  36000 
1644534162         48000  38000  38000  38000  37000  36000  37000  36000  37000  36000  38000  48000  36000  37000  37000  38000  38000  39000  39000  35000  36000  36000  38000  38000  35000 
1644534173         47000  38000  38000  38000  36000  36000  38000  35000  37000  36000  38000  48000  36000  36000  36000  38000  38000  38000  39000  34000  36000  36000  37000  38000  36000 
1644534183         47000  39000  38000  38000  37000  36000  37000  35000  36000  36000  38000  47000  37000  36000  36000  38000  38000  39000  39000  34000  35000  36000  38000  37000  36000 
1644534193         48000  38000  38000  38000  36000  36000  37000  35000  36000  36000  38000  48000  36000  36000  37000  38000  38000  39000  39000  34000  35000  36000  37000  37000  35000 
1644534203         48000  39000  38000  38000  36000  36000  37000  35000  36000  36000  38000  48000  36000  36000  37000  38000  38000  39000  39000  34000  35000  36000  38000  38000  35000 
1644534214         46000  38000  38000  37000  37000  36000  38000  35000  36000  36000  37000  47000  37000  37000  37000  38000  38000  39000  38000  34000  35000  36000  37000  37000  35000 
1644534224         47000  39000  38000  37000  37000  36000  38000  35000  36000  36000  38000  48000  37000  36000  37000  38000  38000  39000  38000  35000  36000  36000  38000  38000  35000 
1644534234         47000  38000  38000  37000  37000  36000  37000  36000  36000  36000  37000  48000  36000  37000  36000  38000  38000  39000  38000  35000  35000  36000  38000  38000  35000 
1644534245         46000  38000  38000  38000  37000  36000  37000  35000  36000  36000  37000  47000  36000  36000  36000  38000  38000  38000  39000  34000  35000  36000  38000  37000  35000 
1644534255         47000  39000  38000  37000  36000  36000  38000  35000  36000  36000  38000  48000  36000  36000  36000  38000  38000  39000  39000  34000  36000  37000  37000  37000  36000 
1644534265         46000  38000  38000  38000  37000  36000  37000  35000  36000  36000  38000  47000  36000  36000  36000  38000  38000  39000  39000  34000  35000  37000  38000  38000  35000 
1644534275         47000  38000  37000  37000  37000  36000  37000  35000  36000  36000  38000  48000  37000  36000  36000  38000  38000  39000  39000  34000  36000  36000  37000  37000  35000 
1644534286         46000  38000  38000  37000  37000  36000  38000  35000  36000  36000  37000  46000  36000  36000  37000  38000  38000  39000  39000  34000  35000  36000  37000  38000  35000 
1644534296         45000  38000  38000  37000  37000  36000  37000  35000  36000  36000  38000  45000  36000  36000  37000  37000  37000  38000  38000  34000  35000  36000  37000  37000  35000 
1644534306         39000  39000  38000  37000  37000  36000  39000  35000  36000  36000  36000  36000  36000  36000  36000  37000  37000  37000  38000  35000  35000  36000  36000  37000  34000 
