TIME                CPU1  Core0  Core1  Core2  Core3  Core4  Core5  Core8  Core9 Core10 Core11 Core12 Core13 Core16 Core17 Core18 Core19 Core20 Core21 Core24 Core25 Core26 Core27 Core28 Core29
1644531263         35000  33000  34000  34000  33000  33000  35000  32000  32000  32000  33000  32000  32000  32000  33000  33000  33000  33000  33000  31000  31000  31000  32000  32000  31000 
1644531273         37000  33000  34000  33000  33000  32000  34000  31000  31000  31000  32000  31000  32000  31000  32000  33000  33000  33000  33000  31000  31000  31000  32000  31000  30000 
1644531283         33000  32000  33000  33000  32000  31000  34000  31000  31000  31000  32000  31000  31000  31000  32000  32000  32000  33000  32000  30000  30000  30000  31000  30000  30000 
1644531294         35000  32000  33000  33000  32000  32000  34000  30000  30000  30000  32000  31000  31000  31000  32000  32000  32000  33000  32000  30000  30000  30000  31000  31000  30000 
1644531304         33000  32000  32000  32000  31000  31000  33000  30000  30000  30000  31000  30000  31000  31000  31000  31000  32000  32000  31000  30000  29000  30000  31000  31000  30000 
1644531314         33000  32000  32000  32000  31000  31000  33000  30000  30000  30000  31000  30000  31000  30000  31000  31000  31000  31000  31000  29000  29000  30000  31000  30000  29000 
1644531325         34000  32000  32000  33000  32000  31000  32000  30000  31000  30000  31000  30000  31000  30000  31000  32000  31000  32000  31000  30000  29000  30000  31000  31000  29000 
1644531335         35000  35000  34000  33000  32000  32000  35000  31000  31000  31000  32000  31000  32000  32000  32000  32000  33000  32000  32000  31000  31000  30000  32000  32000  31000 
1644531345         37000  37000  34000  33000  32000  32000  33000  31000  31000  31000  32000  31000  32000  32000  33000  32000  32000  32000  32000  31000  30000  31000  32000  31000  30000 
1644531356         39000  33000  34000  39000  33000  32000  33000  31000  31000  31000  32000  31000  31000  31000  32000  33000  33000  32000  32000  31000  31000  31000  32000  32000  30000 
1644531366         39000  33000  34000  38000  33000  31000  33000  31000  32000  32000  32000  31000  32000  31000  33000  33000  33000  32000  33000  31000  31000  31000  32000  32000  30000 
1644531376         34000  33000  34000  34000  33000  32000  33000  35000  32000  32000  33000  32000  32000  32000  32000  33000  33000  33000  33000  31000  30000  31000  33000  32000  31000 
1644531386         35000  33000  34000  33000  32000  32000  35000  31000  32000  32000  33000  32000  36000  31000  32000  32000  33000  33000  32000  31000  31000  31000  32000  32000  31000 
1644531397         36000  33000  34000  33000  32000  32000  34000  31000  32000  31000  33000  32000  37000  31000  32000  32000  33000  33000  33000  31000  31000  31000  33000  32000  31000 
1644531407         35000  32000  34000  33000  33000  32000  33000  31000  31000  31000  33000  32000  34000  31000  32000  32000  33000  32000  33000  31000  30000  31000  32000  31000  30000 
1644531417         36000  33000  33000  34000  33000  32000  34000  32000  32000  31000  34000  32000  38000  32000  33000  33000  33000  33000  33000  31000  31000  32000  32000  32000  32000 
1644531428         35000  33000  34000  34000  33000  33000  34000  32000  35000  32000  34000  32000  32000  32000  34000  33000  33000  33000  33000  32000  32000  32000  33000  32000  31000 
1644531438         37000  34000  35000  33000  33000  32000  34000  32000  37000  32000  33000  32000  32000  33000  33000  33000  33000  34000  33000  32000  32000  33000  33000  32000  31000 
1644531448         37000  34000  35000  34000  33000  33000  34000  33000  38000  32000  34000  32000  32000  33000  34000  33000  34000  33000  33000  33000  32000  33000  33000  32000  31000 
1644531458         37000  33000  35000  34000  34000  33000  34000  33000  36000  32000  34000  32000  32000  33000  34000  33000  34000  33000  33000  33000  32000  33000  33000  32000  31000 
1644531469         37000  34000  35000  34000  33000  32000  35000  33000  38000  32000  34000  33000  33000  33000  35000  34000  34000  34000  33000  32000  33000  33000  33000  32000  31000 
1644531479         37000  33000  35000  34000  33000  33000  35000  33000  37000  32000  34000  32000  32000  33000  34000  33000  33000  33000  33000  32000  33000  33000  33000  32000  31000 
1644531489         39000  34000  35000  34000  34000  33000  34000  33000  33000  33000  34000  36000  32000  33000  34000  34000  33000  34000  33000  32000  32000  32000  33000  32000  31000 
1644531500         39000  34000  35000  35000  33000  32000  35000  32000  32000  37000  34000  32000  32000  32000  34000  34000  34000  34000  33000  32000  32000  32000  33000  32000  31000 
1644531510         37000  35000  36000  37000  36000  35000  35000  35000  35000  35000  37000  34000  34000  36000  37000  35000  36000  36000  36000  34000  34000  35000  36000  34000  32000 
1644531520         39000  36000  36000  39000  40000  36000  35000  34000  34000  35000  36000  35000  34000  35000  35000  36000  36000  36000  35000  33000  34000  34000  35000  34000  32000 
1644531531         48000  34000  35000  35000  33000  32000  33000  48000  34000  32000  34000  32000  32000  35000  35000  34000  34000  33000  33000  34000  33000  33000  33000  32000  31000 
1644531541         48000  34000  34000  34000  33000  31000  32000  48000  34000  32000  33000  31000  32000  34000  34000  33000  33000  33000  33000  33000  32000  32000  32000  31000  30000 
1644531551         48000  34000  34000  33000  32000  31000  32000  48000  33000  32000  32000  31000  31000  34000  34000  32000  33000  32000  32000  34000  31000  31000  32000  31000  30000 
1644531561         42000  36000  34000  34000  34000  32000  33000  41000  34000  33000  34000  32000  33000  34000  35000  33000  34000  34000  34000  33000  33000  33000  34000  32000  31000 
1644531572         43000  35000  35000  34000  33000  33000  33000  43000  34000  33000  34000  33000  33000  34000  35000  34000  34000  34000  34000  33000  33000  33000  34000  32000  32000 
1644531582         46000  35000  35000  35000  33000  33000  34000  46000  35000  33000  35000  33000  33000  35000  35000  34000  35000  35000  34000  34000  34000  34000  34000  33000  33000 
1644531592         47000  35000  35000  35000  34000  33000  34000  47000  35000  33000  35000  33000  33000  35000  35000  34000  34000  35000  34000  34000  34000  34000  35000  33000  32000 
1644531603         46000  34000  34000  35000  34000  33000  34000  46000  34000  33000  34000  33000  33000  35000  35000  34000  34000  35000  34000  34000  33000  34000  34000  33000  32000 
1644531613         46000  34000  35000  34000  33000  33000  33000  46000  34000  33000  34000  32000  33000  35000  35000  33000  34000  34000  34000  34000  33000  34000  34000  32000  32000 
1644531623         46000  34000  34000  34000  33000  32000  33000  47000  35000  32000  34000  32000  32000  35000  35000  33000  33000  34000  33000  34000  33000  33000  34000  32000  32000 
1644531633         46000  34000  36000  34000  33000  33000  33000  46000  35000  33000  34000  32000  33000  35000  35000  33000  34000  33000  33000  34000  33000  33000  34000  32000  32000 
1644531644         46000  34000  34000  34000  33000  32000  33000  46000  34000  32000  34000  32000  32000  35000  35000  33000  33000  35000  33000  33000  33000  33000  34000  32000  32000 
1644531654         46000  34000  35000  34000  33000  33000  33000  46000  34000  33000  34000  32000  33000  34000  34000  33000  33000  34000  33000  33000  32000  33000  34000  32000  32000 
1644531664         46000  46000  36000  37000  38000  34000  33000  33000  33000  32000  34000  33000  33000  34000  34000  34000  34000  34000  34000  32000  33000  33000  34000  32000  32000 
1644531674         47000  47000  36000  37000  38000  34000  33000  33000  33000  32000  34000  32000  33000  34000  34000  34000  34000  33000  33000  32000  32000  33000  34000  32000  32000 
1644531685         46000  47000  35000  37000  37000  34000  33000  33000  33000  32000  34000  32000  33000  33000  34000  34000  34000  33000  33000  32000  32000  33000  33000  32000  32000 
1644531695         46000  47000  35000  37000  37000  34000  32000  32000  33000  32000  34000  32000  33000  33000  34000  33000  33000  33000  33000  31000  32000  33000  33000  32000  31000 
1644531705         47000  47000  35000  37000  37000  33000  32000  32000  32000  32000  33000  32000  32000  33000  33000  34000  33000  33000  33000  31000  32000  32000  33000  31000  31000 
1644531715         46000  47000  34000  35000  35000  32000  32000  36000  33000  32000  33000  32000  32000  34000  34000  34000  33000  33000  32000  31000  32000  32000  33000  32000  31000 
1644531726         47000  47000  35000  37000  37000  33000  32000  31000  32000  32000  33000  31000  32000  33000  33000  33000  33000  33000  32000  31000  31000  32000  33000  31000  31000 
1644531736         46000  46000  34000  35000  36000  31000  32000  35000  32000  32000  33000  31000  32000  33000  33000  34000  33000  33000  32000  31000  32000  32000  33000  31000  31000 
1644531746         44000  44000  36000  34000  32000  31000  32000  31000  32000  31000  32000  31000  32000  32000  33000  33000  32000  33000  32000  30000  31000  32000  33000  31000  31000 
1644531757         46000  46000  34000  33000  32000  31000  31000  31000  32000  31000  32000  31000  31000  32000  32000  33000  32000  32000  33000  30000  31000  32000  32000  31000  31000 
1644531767         40000  34000  37000  37000  39000  34000  35000  34000  35000  33000  35000  37000  34000  34000  35000  34000  35000  34000  34000  31000  33000  33000  34000  33000  31000 
1644531778         43000  37000  38000  39000  38000  38000  38000  39000  37000  39000  39000  38000  37000  37000  39000  38000  39000  43000  37000  36000  37000  37000  45000  37000  35000 
1644531788         37000  33000  34000  36000  36000  34000  33000  32000  32000  32000  33000  32000  33000  32000  33000  33000  33000  33000  33000  31000  31000  31000  32000  32000  31000 
1644531798         48000  34000  34000  33000  33000  31000  32000  34000  33000  32000  33000  32000  32000  33000  34000  33000  33000  34000  34000  48000  33000  31000  32000  31000  30000 
1644531808         47000  33000  34000  34000  33000  31000  32000  34000  33000  32000  33000  32000  32000  33000  33000  33000  33000  34000  33000  48000  33000  32000  32000  31000  30000 
1644531819         40000  33000  34000  34000  33000  32000  33000  32000  32000  31000  32000  32000  32000  32000  33000  33000  33000  34000  33000  42000  31000  31000  31000  31000  30000 
1644531829         47000  34000  34000  34000  33000  32000  33000  35000  34000  32000  33000  31000  32000  34000  34000  33000  33000  33000  33000  45000  33000  32000  32000  31000  31000 
1644531839         34000  33000  34000  33000  32000  31000  34000  31000  32000  31000  32000  31000  32000  32000  33000  32000  33000  33000  33000  31000  31000  31000  32000  31000  30000 
1644531850         44000  32000  33000  33000  33000  31000  32000  31000  31000  31000  33000  43000  32000  31000  33000  32000  33000  34000  33000  30000  30000  31000  32000  32000  30000 
1644531860         36000  32000  33000  35000  37000  32000  32000  30000  31000  30000  32000  30000  31000  31000  32000  32000  31000  32000  32000  29000  30000  31000  31000  30000  29000 
1644531870         34000  31000  32000  34000  34000  30000  30000  34000  30000  30000  31000  30000  30000  30000  31000  31000  31000  31000  31000  30000  29000  29000  30000  30000  29000 
1644531880         36000  31000  32000  35000  36000  31000  31000  30000  31000  30000  32000  30000  31000  31000  32000  32000  31000  31000  31000  30000  30000  30000  30000  30000  29000 
1644531891         34000  31000  32000  33000  34000  29000  30000  34000  30000  30000  32000  30000  31000  31000  31000  31000  31000  31000  31000  29000  30000  30000  30000  30000  29000 
1644531901         35000  31000  31000  34000  35000  31000  31000  30000  30000  29000  32000  30000  31000  30000  30000  30000  31000  31000  31000  29000  30000  29000  30000  30000  28000 
1644531911         33000  30000  31000  33000  34000  29000  30000  33000  30000  29000  31000  30000  30000  30000  30000  30000  30000  31000  30000  29000  30000  29000  30000  30000  28000 
1644531921         35000  30000  31000  34000  35000  31000  30000  29000  30000  29000  31000  29000  30000  29000  30000  30000  31000  31000  30000  29000  29000  29000  30000  30000  28000 
1644531932         44000  31000  32000  31000  31000  32000  43000  30000  30000  30000  32000  30000  31000  29000  31000  30000  31000  31000  31000  29000  30000  30000  31000  31000  30000 
1644531942         44000  31000  32000  32000  31000  32000  45000  30000  30000  30000  31000  30000  31000  30000  31000  31000  31000  32000  31000  30000  30000  30000  31000  31000  30000 
1644531952         44000  31000  32000  32000  32000  32000  44000  30000  30000  30000  31000  31000  31000  30000  31000  31000  31000  32000  32000  29000  30000  30000  31000  31000  31000 
1644531962         44000  31000  32000  32000  31000  33000  44000  30000  31000  30000  31000  30000  32000  31000  31000  31000  32000  32000  31000  30000  31000  31000  31000  32000  30000 
1644531973         45000  31000  32000  33000  32000  33000  44000  30000  31000  30000  31000  31000  31000  30000  32000  31000  31000  32000  31000  30000  31000  31000  31000  32000  30000 
1644531983         45000  31000  32000  33000  32000  32000  45000  30000  31000  30000  32000  31000  32000  30000  32000  31000  32000  32000  32000  30000  31000  31000  31000  32000  31000 
1644531993         45000  31000  32000  33000  31000  33000  45000  30000  31000  30000  32000  31000  32000  30000  32000  31000  32000  32000  32000  30000  31000  30000  31000  32000  31000 
1644532004         45000  31000  33000  33000  32000  33000  45000  30000  31000  30000  32000  31000  32000  31000  32000  31000  32000  32000  32000  30000  31000  31000  32000  32000  32000 
1644532014         45000  32000  33000  33000  32000  33000  45000  30000  31000  31000  32000  31000  31000  30000  32000  32000  32000  32000  32000  30000  31000  31000  32000  32000  31000 
1644532024         45000  32000  32000  32000  32000  33000  45000  30000  30000  30000  32000  31000  32000  31000  31000  31000  31000  32000  32000  30000  30000  31000  31000  32000  31000 
1644532034         45000  32000  33000  32000  31000  33000  45000  30000  30000  30000  32000  31000  32000  30000  32000  32000  32000  32000  32000  29000  30000  30000  32000  32000  31000 
1644532045         45000  32000  33000  33000  32000  33000  45000  30000  30000  30000  32000  31000  32000  31000  32000  32000  32000  32000  32000  29000  30000  30000  32000  32000  31000 
1644532055         45000  31000  32000  32000  31000  33000  45000  30000  30000  30000  32000  31000  31000  30000  32000  31000  32000  32000  32000  30000  30000  30000  31000  32000  31000 
1644532065         44000  31000  33000  32000  31000  32000  44000  29000  30000  30000  32000  30000  31000  30000  31000  31000  31000  32000  31000  30000  30000  30000  31000  31000  31000 
1644532075         45000  31000  32000  32000  31000  33000  45000  30000  30000  30000  31000  30000  32000  30000  31000  31000  31000  31000  31000  29000  29000  30000  31000  32000  31000 
1644532086         45000  31000  32000  32000  31000  33000  44000  29000  30000  29000  31000  30000  31000  30000  31000  31000  31000  31000  31000  29000  29000  29000  31000  31000  30000 
1644532096         36000  31000  33000  36000  31000  33000  31000  29000  30000  29000  30000  30000  30000  30000  31000  31000  31000  31000  31000  29000  29000  29000  30000  30000  29000 
1644532106         35000  30000  32000  34000  35000  31000  30000  29000  30000  29000  30000  29000  29000  29000  30000  30000  31000  31000  30000  29000  29000  29000  29000  29000  28000 
1644532116         34000  30000  31000  33000  34000  30000  29000  29000  29000  28000  30000  29000  30000  29000  30000  30000  30000  31000  30000  28000  28000  28000  29000  28000  28000 
1644532127         33000  31000  32000  32000  32000  30000  31000  30000  31000  30000  31000  31000  31000  32000  32000  32000  32000  33000  33000  30000  29000  30000  30000  29000  29000 
1644532137         35000  30000  31000  34000  35000  31000  30000  30000  29000  29000  30000  29000  30000  30000  30000  30000  30000  31000  30000  28000  28000  28000  30000  29000  28000 
1644532148         33000  30000  31000  33000  32000  28000  29000  32000  29000  28000  30000  29000  29000  29000  30000  30000  30000  30000  30000  28000  28000  28000  29000  28000  27000 
1644532158         34000  30000  31000  34000  34000  30000  29000  29000  29000  28000  29000  29000  29000  29000  30000  30000  30000  30000  30000  28000  28000  28000  29000  28000  28000 
1644532168         34000  29000  30000  33000  34000  30000  29000  28000  29000  28000  30000  29000  29000  29000  29000  30000  30000  30000  30000  28000  28000  28000  29000  28000  28000 
1644532178         33000  30000  30000  32000  33000  28000  29000  32000  28000  28000  29000  29000  29000  29000  30000  30000  30000  30000  30000  28000  27000  28000  28000  28000  27000 
1644532189         33000  29000  30000  32000  32000  28000  29000  32000  29000  28000  29000  28000  29000  29000  30000  29000  30000  30000  30000  28000  27000  27000  28000  28000  27000 
1644532199         34000  30000  31000  34000  35000  31000  31000  30000  29000  29000  30000  29000  30000  29000  30000  30000  31000  31000  31000  28000  29000  29000  31000  30000  28000 
1644532209         35000  30000  31000  33000  35000  31000  29000  29000  29000  28000  30000  29000  30000  29000  30000  30000  31000  31000  31000  28000  28000  28000  29000  30000  28000 
1644532219         35000  30000  31000  34000  35000  31000  30000  29000  29000  28000  30000  29000  30000  29000  30000  30000  31000  30000  31000  28000  28000  28000  29000  30000  28000 
1644532230         33000  30000  30000  33000  33000  29000  29000  32000  29000  28000  30000  29000  29000  29000  30000  29000  30000  30000  30000  28000  28000  28000  29000  29000  28000 
1644532240         34000  30000  31000  33000  34000  30000  29000  28000  29000  28000  29000  29000  29000  28000  30000  29000  29000  30000  30000  28000  28000  28000  29000  28000  27000 
1644532250         34000  29000  30000  33000  34000  30000  29000  29000  28000  28000  29000  28000  29000  28000  29000  29000  29000  30000  29000  27000  27000  27000  28000  28000  27000 
1644532261         34000  29000  30000  33000  34000  30000  29000  28000  28000  27000  29000  28000  29000  28000  29000  29000  29000  29000  29000  27000  27000  27000  28000  28000  26000 
1644532271         32000  29000  30000  32000  32000  28000  29000  32000  29000  28000  29000  28000  29000  28000  29000  29000  29000  29000  29000  28000  32000  28000  28000  28000  27000 
1644532281         32000  29000  30000  31000  32000  28000  28000  31000  28000  28000  29000  28000  28000  28000  29000  28000  29000  29000  29000  27000  27000  27000  28000  27000  27000 
1644532291         33000  29000  30000  33000  33000  29000  28000  28000  28000  27000  29000  28000  28000  28000  29000  29000  30000  29000  29000  27000  27000  27000  28000  27000  26000 
1644532302         33000  29000  30000  33000  33000  30000  28000  28000  28000  28000  29000  28000  29000  28000  29000  29000  29000  29000  29000  27000  27000  27000  28000  28000  27000 
1644532312         33000  29000  30000  33000  33000  29000  29000  28000  28000  28000  29000  28000  29000  28000  29000  29000  29000  29000  29000  27000  27000  27000  28000  28000  27000 
1644532322         33000  29000  30000  33000  33000  30000  29000  28000  28000  27000  29000  28000  28000  28000  29000  29000  29000  30000  30000  27000  27000  27000  28000  28000  27000 
1644532332         33000  29000  30000  33000  34000  29000  28000  28000  28000  27000  28000  28000  28000  28000  29000  29000  29000  29000  30000  28000  27000  27000  28000  28000  27000 
1644532343         34000  29000  30000  33000  34000  30000  28000  28000  28000  27000  29000  28000  28000  28000  29000  29000  30000  29000  29000  28000  27000  27000  28000  28000  27000 
1644532353         33000  29000  30000  33000  34000  29000  29000  28000  28000  28000  29000  28000  29000  28000  29000  29000  30000  29000  29000  27000  27000  27000  28000  28000  27000 
1644532363         32000  29000  30000  32000  32000  28000  28000  31000  28000  28000  29000  28000  29000  29000  29000  29000  30000  30000  29000  27000  27000  27000  28000  28000  27000 
1644532374         40000  37000  37000  36000  35000  36000  37000  35000  35000  35000  36000  37000  34000  35000  35000  36000  35000  37000  35000  33000  37000  33000  35000  34000  33000 
1644532384         36000  34000  35000  35000  34000  34000  33000  33000  34000  33000  34000  33000  34000  33000  35000  34000  35000  35000  34000  32000  33000  33000  34000  32000  31000 
1644532395         44000  33000  33000  32000  32000  31000  31000  43000  32000  30000  31000  30000  30000  33000  33000  32000  32000  32000  31000  32000  31000  31000  31000  30000  29000 
1644532405         44000  32000  32000  32000  31000  30000  31000  44000  32000  30000  31000  30000  31000  33000  33000  31000  32000  31000  31000  32000  31000  30000  31000  30000  29000 
1644532415         43000  32000  33000  32000  32000  30000  31000  44000  32000  30000  31000  30000  30000  32000  32000  31000  31000  31000  31000  32000  30000  30000  30000  30000  29000 
1644532425         43000  32000  33000  32000  31000  30000  31000  44000  32000  30000  31000  30000  30000  32000  33000  31000  31000  31000  31000  32000  30000  30000  30000  30000  29000 
1644532436         44000  31000  32000  32000  31000  30000  30000  43000  31000  30000  31000  30000  30000  32000  32000  31000  31000  31000  31000  31000  30000  30000  30000  30000  29000 
1644532446         42000  32000  32000  33000  31000  30000  30000  42000  32000  30000  31000  30000  30000  33000  33000  32000  31000  31000  31000  32000  31000  30000  31000  30000  29000 
1644532456         42000  33000  33000  33000  31000  30000  31000  42000  33000  31000  32000  30000  31000  33000  33000  32000  31000  31000  31000  32000  31000  30000  31000  30000  29000 
1644532466         43000  32000  33000  33000  32000  30000  31000  43000  32000  31000  32000  30000  31000  33000  33000  32000  32000  32000  31000  32000  31000  30000  31000  30000  29000 
1644532477         44000  32000  33000  32000  31000  30000  30000  43000  32000  30000  31000  30000  31000  33000  32000  31000  32000  32000  31000  32000  30000  30000  31000  30000  29000 
1644532487         44000  32000  32000  32000  31000  30000  31000  43000  32000  30000  31000  30000  30000  33000  33000  31000  31000  32000  31000  32000  30000  31000  30000  30000  29000 
1644532497         44000  32000  32000  33000  31000  30000  31000  44000  32000  30000  31000  30000  30000  33000  32000  32000  31000  31000  31000  31000  30000  30000  31000  30000  29000 
1644532507         43000  32000  33000  32000  31000  30000  30000  44000  32000  31000  31000  30000  30000  33000  33000  32000  32000  32000  31000  32000  30000  31000  31000  30000  29000 
1644532518         38000  33000  33000  33000  32000  31000  32000  37000  33000  32000  33000  32000  32000  33000  33000  33000  33000  33000  33000  31000  32000  32000  32000  31000  31000 
1644532528         39000  33000  34000  33000  33000  31000  32000  39000  34000  32000  33000  32000  33000  33000  33000  32000  33000  33000  33000  32000  32000  32000  33000  31000  31000 
1644532538         42000  33000  34000  33000  33000  32000  32000  42000  34000  32000  34000  33000  33000  34000  34000  33000  33000  34000  34000  32000  33000  33000  34000  32000  32000 
1644532549         43000  33000  34000  33000  32000  31000  32000  43000  33000  31000  32000  32000  32000  34000  34000  33000  33000  33000  34000  32000  32000  32000  32000  31000  31000 
1644532559         43000  34000  34000  33000  32000  31000  32000  43000  33000  31000  32000  32000  32000  33000  34000  33000  32000  34000  34000  32000  32000  32000  32000  31000  31000 
1644532569         43000  33000  33000  33000  32000  31000  32000  43000  33000  31000  33000  31000  32000  33000  34000  33000  33000  33000  33000  33000  32000  31000  32000  31000  31000 
1644532579         43000  33000  33000  33000  32000  31000  32000  43000  33000  31000  32000  31000  31000  33000  33000  32000  33000  32000  32000  33000  32000  32000  31000  31000  31000 
1644532590         42000  33000  33000  33000  32000  31000  32000  43000  33000  31000  32000  31000  31000  33000  33000  32000  32000  32000  32000  32000  32000  31000  31000  30000  31000 
1644532600         43000  32000  32000  33000  31000  30000  32000  42000  33000  31000  31000  30000  31000  33000  33000  32000  32000  32000  32000  32000  32000  31000  31000  30000  30000 
1644532610         42000  32000  33000  32000  31000  30000  31000  42000  32000  30000  31000  30000  31000  33000  33000  32000  31000  32000  31000  32000  32000  31000  31000  30000  30000 
1644532621         43000  32000  33000  32000  31000  30000  32000  42000  31000  31000  31000  30000  30000  33000  32000  31000  32000  32000  31000  32000  30000  30000  31000  30000  30000 
1644532631         43000  32000  32000  33000  31000  30000  31000  43000  32000  30000  31000  30000  31000  33000  33000  32000  32000  31000  31000  32000  31000  30000  31000  30000  30000 
1644532641         42000  32000  33000  32000  31000  35000  32000  42000  32000  30000  31000  30000  30000  32000  32000  32000  32000  32000  31000  31000  30000  30000  31000  30000  30000 
1644532651         43000  32000  32000  32000  31000  31000  31000  43000  32000  31000  31000  30000  31000  33000  33000  32000  32000  32000  31000  32000  30000  31000  31000  30000  30000 
1644532662         43000  32000  33000  32000  31000  30000  31000  42000  32000  30000  31000  30000  31000  33000  32000  32000  31000  32000  31000  31000  30000  31000  31000  30000  30000 
1644532672         43000  32000  33000  32000  31000  30000  31000  43000  32000  30000  31000  30000  31000  32000  33000  32000  31000  32000  32000  32000  30000  31000  31000  30000  30000 
1644532682         43000  32000  33000  33000  31000  30000  31000  43000  32000  30000  32000  30000  31000  33000  33000  31000  31000  31000  31000  32000  30000  31000  31000  30000  30000 
1644532692         42000  32000  33000  32000  31000  30000  31000  42000  32000  30000  31000  30000  31000  33000  33000  31000  31000  31000  32000  32000  31000  31000  31000  30000  30000 
1644532703         43000  32000  33000  33000  31000  30000  31000  43000  32000  31000  32000  30000  30000  33000  33000  32000  31000  32000  32000  32000  31000  30000  31000  31000  30000 
1644532713         43000  32000  33000  32000  31000  30000  31000  43000  32000  30000  32000  30000  31000  33000  33000  32000  32000  31000  32000  32000  30000  31000  31000  30000  30000 
1644532723         43000  32000  32000  32000  31000  30000  31000  43000  32000  30000  32000  31000  30000  32000  33000  32000  31000  31000  32000  32000  30000  30000  31000  30000  30000 
1644532734         43000  32000  32000  32000  31000  30000  31000  43000  32000  30000  31000  30000  31000  33000  33000  31000  31000  31000  31000  32000  30000  30000  31000  30000  31000 
1644532744         35000  33000  35000  35000  34000  33000  35000  32000  32000  33000  34000  33000  32000  33000  34000  34000  34000  34000  33000  31000  31000  31000  32000  31000  31000 
1644532754         49000  32000  33000  33000  32000  49000  35000  31000  31000  31000  33000  32000  32000  31000  32000  32000  32000  33000  32000  30000  31000  32000  34000  32000  32000 
1644532765         48000  32000  33000  33000  32000  48000  35000  32000  32000  31000  32000  31000  32000  32000  32000  32000  32000  32000  32000  31000  30000  31000  33000  32000  31000 
1644532775         48000  32000  33000  33000  32000  48000  35000  31000  31000  31000  32000  31000  32000  31000  32000  32000  33000  32000  32000  30000  30000  31000  34000  32000  32000 
1644532785         48000  32000  33000  33000  32000  48000  35000  31000  31000  31000  33000  31000  32000  31000  32000  32000  33000  33000  32000  30000  31000  31000  33000  32000  32000 
1644532795         49000  32000  32000  33000  32000  49000  35000  31000  31000  31000  33000  31000  32000  31000  32000  32000  32000  32000  32000  30000  30000  31000  33000  32000  32000 
1644532806         48000  32000  33000  33000  32000  48000  35000  31000  31000  31000  32000  32000  32000  31000  32000  32000  32000  32000  32000  30000  31000  32000  33000  32000  31000 
1644532816         49000  32000  33000  33000  32000  48000  35000  31000  31000  31000  32000  31000  32000  31000  32000  32000  32000  33000  32000  31000  30000  31000  33000  32000  32000 
1644532826         48000  32000  33000  33000  32000  48000  35000  31000  31000  31000  32000  31000  32000  31000  32000  32000  32000  33000  32000  30000  30000  31000  33000  32000  32000 
1644532837         48000  32000  33000  33000  32000  47000  35000  31000  31000  31000  32000  31000  32000  31000  32000  32000  32000  32000  32000  30000  30000  31000  33000  31000  32000 
1644532847         48000  33000  34000  34000  34000  48000  36000  32000  32000  33000  35000  34000  33000  32000  33000  33000  34000  34000  33000  32000  32000  32000  35000  34000  31000 
1644532857         47000  33000  34000  34000  33000  47000  36000  32000  32000  32000  34000  34000  33000  32000  33000  33000  33000  34000  33000  32000  32000  32000  35000  33000  31000 
1644532867         49000  33000  34000  34000  33000  48000  36000  32000  32000  32000  34000  33000  32000  32000  33000  33000  33000  34000  33000  32000  31000  33000  35000  33000  31000 
1644532878         48000  32000  33000  34000  33000  49000  36000  32000  32000  32000  34000  33000  32000  32000  33000  33000  33000  33000  33000  32000  32000  32000  35000  34000  31000 
1644532888         48000  33000  34000  34000  33000  48000  36000  32000  32000  32000  34000  33000  32000  32000  33000  33000  33000  33000  33000  32000  31000  32000  35000  33000  31000 
1644532898         48000  33000  34000  34000  33000  49000  36000  32000  32000  33000  34000  33000  33000  32000  33000  33000  33000  33000  33000  32000  31000  32000  35000  33000  31000 
1644532909         48000  33000  34000  34000  33000  48000  36000  32000  32000  32000  34000  32000  32000  32000  33000  33000  33000  33000  33000  32000  31000  32000  35000  32000  31000 
1644532919         49000  32000  34000  34000  33000  48000  35000  32000  32000  32000  34000  32000  32000  32000  33000  33000  33000  34000  33000  32000  31000  32000  34000  32000  31000 
1644532929         48000  33000  34000  33000  33000  48000  35000  32000  32000  32000  34000  32000  32000  32000  33000  33000  33000  33000  33000  32000  31000  32000  34000  32000  31000 
1644532939         49000  33000  34000  33000  33000  48000  35000  32000  32000  32000  34000  32000  32000  31000  33000  33000  33000  33000  33000  32000  31000  32000  34000  32000  31000 
1644532950         49000  33000  33000  33000  33000  48000  35000  32000  32000  32000  34000  32000  32000  32000  32000  32000  33000  33000  32000  32000  31000  32000  34000  32000  30000 
1644532960         46000  32000  33000  34000  33000  46000  35000  31000  32000  32000  34000  32000  32000  32000  33000  33000  33000  33000  33000  32000  31000  32000  33000  32000  30000 
1644532970         45000  32000  33000  33000  32000  44000  35000  31000  32000  32000  33000  32000  32000  32000  32000  32000  33000  33000  33000  32000  31000  32000  33000  32000  30000 
1644532981         38000  35000  36000  36000  35000  34000  35000  34000  37000  34000  35000  34000  34000  35000  36000  35000  35000  35000  35000  33000  34000  33000  35000  33000  37000 
1644532991         38000  36000  38000  38000  37000  36000  37000  36000  36000  36000  37000  36000  37000  37000  37000  36000  37000  37000  36000  35000  35000  35000  36000  35000  35000 
1644533001         37000  33000  34000  37000  37000  33000  32000  32000  32000  31000  33000  31000  32000  33000  33000  33000  33000  33000  33000  31000  31000  31000  32000  31000  30000 
1644533012         35000  32000  32000  35000  35000  30000  31000  35000  30000  30000  31000  31000  31000  31000  32000  32000  32000  32000  32000  30000  30000  30000  31000  31000  29000 
1644533022         36000  31000  32000  36000  36000  31000  31000  30000  30000  30000  31000  30000  30000  30000  31000  31000  32000  32000  32000  29000  29000  29000  30000  30000  29000 
1644533032         34000  31000  32000  34000  34000  29000  30000  33000  29000  29000  30000  30000  30000  30000  31000  31000  31000  32000  31000  29000  29000  29000  30000  30000  29000 
1644533043         44000  31000  32000  32000  32000  30000  31000  29000  30000  30000  31000  31000  30000  30000  30000  31000  33000  44000  32000  29000  29000  29000  30000  30000  29000 
1644533053         43000  31000  32000  32000  32000  30000  31000  29000  30000  30000  31000  31000  30000  30000  31000  31000  33000  43000  32000  29000  29000  29000  30000  30000  29000 
1644533063         44000  31000  32000  32000  32000  30000  31000  30000  30000  30000  32000  31000  30000  30000  31000  31000  33000  44000  32000  29000  29000  29000  31000  30000  29000 
1644533073         44000  32000  32000  33000  33000  30000  31000  30000  30000  31000  32000  32000  31000  31000  31000  32000  35000  44000  33000  29000  30000  30000  31000  31000  29000 
1644533084         43000  32000  33000  33000  33000  31000  31000  30000  31000  31000  32000  32000  31000  31000  32000  32000  35000  43000  33000  30000  30000  30000  31000  31000  30000 
1644533094         43000  32000  33000  33000  33000  31000  31000  30000  31000  31000  33000  33000  31000  31000  32000  32000  35000  43000  34000  30000  29000  30000  31000  31000  30000 
1644533104         45000  32000  33000  33000  33000  31000  32000  30000  31000  31000  32000  32000  31000  31000  32000  32000  34000  45000  34000  30000  30000  30000  32000  31000  30000 
1644533115         45000  32000  33000  33000  33000  30000  31000  30000  31000  31000  32000  32000  31000  31000  32000  32000  34000  44000  33000  30000  30000  30000  31000  31000  30000 
1644533125         44000  32000  33000  33000  33000  30000  32000  30000  31000  31000  32000  32000  31000  31000  31000  32000  33000  44000  33000  29000  29000  30000  31000  31000  29000 
1644533135         44000  32000  32000  33000  32000  30000  31000  30000  30000  30000  32000  32000  31000  31000  31000  32000  33000  44000  33000  30000  30000  30000  31000  30000  29000 
1644533145         44000  32000  33000  33000  33000  30000  31000  30000  30000  30000  32000  32000  31000  31000  31000  32000  33000  44000  33000  29000  29000  29000  31000  31000  29000 
1644533156         44000  32000  32000  33000  33000  31000  31000  30000  30000  30000  32000  32000  31000  30000  31000  31000  33000  43000  33000  30000  29000  30000  31000  30000  29000 
1644533166         43000  33000  33000  34000  33000  32000  33000  31000  32000  32000  34000  33000  32000  32000  33000  33000  34000  43000  33000  32000  31000  32000  33000  32000  31000 
1644533176         43000  33000  34000  34000  34000  32000  33000  32000  32000  33000  34000  34000  33000  33000  33000  33000  34000  44000  34000  32000  32000  32000  34000  32000  32000 
1644533186         45000  33000  34000  34000  34000  32000  33000  31000  32000  32000  34000  34000  33000  32000  33000  33000  34000  44000  34000  32000  31000  33000  33000  32000  32000 
1644533197         44000  33000  34000  34000  34000  32000  33000  31000  32000  32000  35000  34000  33000  32000  33000  33000  35000  44000  34000  32000  31000  32000  34000  33000  32000 
1644533207         44000  33000  34000  33000  34000  32000  33000  32000  32000  32000  35000  34000  33000  32000  33000  33000  35000  44000  34000  32000  31000  32000  33000  32000  32000 
1644533217         44000  33000  34000  34000  33000  33000  33000  31000  32000  32000  34000  34000  33000  32000  33000  33000  35000  44000  34000  32000  31000  32000  34000  32000  32000 
1644533227         44000  33000  34000  34000  33000  32000  33000  32000  32000  32000  34000  34000  33000  32000  33000  33000  34000  45000  34000  32000  32000  32000  33000  32000  32000 
1644533238         44000  33000  34000  34000  34000  32000  33000  32000  32000  32000  34000  33000  33000  32000  33000  33000  35000  44000  34000  32000  31000  32000  34000  32000  32000 
1644533248         44000  33000  33000  34000  34000  32000  33000  31000  32000  32000  34000  33000  33000  32000  33000  33000  34000  44000  34000  33000  31000  32000  33000  32000  32000 
1644533258         43000  33000  34000  34000  34000  32000  33000  31000  32000  32000  34000  33000  32000  32000  33000  33000  34000  44000  34000  32000  31000  32000  33000  32000  32000 
1644533269         45000  33000  34000  34000  33000  32000  33000  32000  32000  32000  34000  34000  33000  32000  33000  33000  34000  44000  34000  32000  31000  32000  34000  32000  32000 
1644533279         44000  33000  34000  33000  34000  33000  33000  32000  32000  32000  34000  33000  33000  32000  32000  33000  35000  44000  34000  32000  31000  33000  34000  32000  32000 
1644533289         44000  33000  34000  34000  34000  32000  33000  31000  31000  32000  34000  33000  33000  32000  33000  33000  34000  45000  34000  31000  31000  31000  32000  32000  32000 
1644533299         44000  32000  33000  34000  34000  31000  32000  31000  31000  31000  33000  33000  32000  31000  32000  33000  34000  44000  34000  31000  30000  30000  32000  31000  31000 
1644533310         44000  32000  33000  33000  33000  31000  32000  30000  31000  31000  32000  33000  32000  31000  32000  32000  33000  44000  34000  30000  30000  30000  32000  31000  31000 
1644533320         45000  32000  33000  33000  33000  31000  31000  30000  31000  30000  33000  32000  32000  31000  32000  32000  34000  44000  34000  30000  30000  30000  32000  31000  31000 
1644533330         45000  32000  32000  33000  33000  30000  32000  30000  31000  30000  32000  32000  32000  31000  32000  32000  34000  43000  33000  30000  30000  30000  31000  31000  31000 
1644533340         44000  32000  33000  33000  33000  30000  31000  30000  31000  30000  32000  32000  32000  31000  31000  32000  33000  44000  33000  30000  30000  30000  31000  31000  31000 
1644533351         44000  32000  32000  33000  32000  31000  31000  30000  30000  31000  32000  32000  31000  31000  31000  32000  33000  44000  33000  30000  30000  30000  31000  31000  31000 
1644533361         44000  32000  33000  33000  33000  31000  32000  30000  30000  30000  32000  32000  32000  31000  31000  32000  33000  44000  34000  30000  29000  30000  32000  31000  31000 
1644533371         44000  32000  33000  33000  33000  31000  32000  30000  30000  30000  32000  32000  31000  31000  31000  32000  33000  44000  33000  30000  29000  30000  31000  31000  29000 
1644533382         49000  32000  34000  34000  33000  34000  49000  31000  31000  31000  33000  31000  33000  31000  32000  32000  33000  33000  33000  31000  30000  31000  32000  33000  32000 
1644533392         49000  32000  34000  33000  32000  34000  49000  30000  31000  31000  32000  32000  33000  31000  32000  32000  32000  33000  33000  30000  30000  31000  32000  32000  32000 
1644533402         49000  32000  33000  33000  32000  34000  49000  31000  31000  31000  32000  31000  32000  31000  32000  32000  32000  33000  33000  30000  30000  30000  32000  33000  31000 
1644533412         49000  32000  34000  33000  32000  34000  48000  31000  31000  31000  32000  31000  32000  31000  32000  32000  33000  33000  32000  30000  30000  31000  32000  33000  32000 
1644533423         49000  32000  33000  33000  32000  34000  48000  31000  31000  31000  32000  31000  33000  31000  32000  32000  33000  33000  32000  30000  30000  31000  32000  32000  32000 
1644533433         49000  32000  34000  33000  32000  35000  49000  30000  30000  31000  32000  31000  32000  31000  32000  32000  32000  32000  32000  30000  30000  30000  32000  32000  32000 
1644533443         50000  32000  33000  33000  32000  34000  49000  30000  31000  31000  32000  31000  32000  31000  32000  32000  32000  32000  32000  30000  30000  31000  32000  32000  31000 
1644533454         49000  32000  33000  33000  32000  34000  49000  30000  31000  31000  32000  31000  32000  31000  32000  32000  32000  33000  32000  30000  30000  30000  32000  32000  32000 
1644533464         49000  32000  34000  33000  32000  34000  48000  31000  31000  31000  32000  31000  32000  31000  32000  32000  32000  32000  33000  30000  30000  30000  32000  32000  32000 
1644533474         48000  32000  33000  32000  32000  34000  48000  30000  31000  31000  32000  31000  33000  31000  32000  32000  32000  32000  32000  30000  30000  31000  32000  32000  32000 
1644533484         48000  32000  34000  34000  33000  35000  48000  30000  31000  32000  33000  32000  33000  31000  33000  33000  33000  34000  33000  30000  31000  31000  33000  33000  32000 
1644533495         49000  32000  33000  33000  32000  34000  49000  30000  31000  31000  32000  32000  33000  31000  32000  32000  33000  34000  32000  30000  30000  30000  32000  33000  32000 
1644533505         48000  32000  33000  33000  32000  35000  47000  31000  31000  31000  32000  32000  32000  31000  32000  32000  32000  33000  33000  30000  31000  31000  32000  33000  32000 
1644533515         49000  32000  33000  32000  32000  34000  48000  31000  31000  31000  32000  32000  32000  32000  32000  32000  32000  33000  32000  30000  31000  30000  32000  33000  32000 
1644533526         48000  32000  33000  33000  32000  34000  48000  30000  30000  30000  32000  31000  32000  31000  32000  32000  32000  33000  32000  29000  30000  30000  32000  33000  31000 
1644533536         49000  32000  33000  33000  32000  34000  49000  30000  30000  31000  32000  31000  32000  31000  31000  32000  32000  32000  32000  30000  30000  30000  31000  32000  32000 
1644533546         48000  32000  33000  33000  32000  34000  48000  30000  30000  31000  32000  31000  32000  31000  31000  32000  32000  33000  32000  30000  30000  30000  32000  32000  31000 
1644533556         49000  31000  33000  32000  32000  34000  49000  30000  31000  30000  32000  31000  32000  31000  32000  32000  32000  32000  32000  30000  30000  30000  32000  33000  32000 
1644533567         49000  32000  33000  33000  32000  34000  49000  30000  31000  30000  32000  31000  32000  31000  31000  32000  32000  32000  33000  30000  30000  30000  32000  32000  32000 
1644533577         49000  32000  33000  32000  32000  34000  49000  30000  30000  31000  32000  32000  32000  31000  31000  32000  32000  33000  32000  30000  30000  30000  32000  32000  32000 
1644533587         45000  32000  32000  32000  32000  34000  45000  30000  31000  30000  32000  31000  32000  31000  31000  32000  33000  32000  32000  30000  30000  30000  31000  32000  31000 
1644533597         47000  32000  33000  33000  32000  34000  46000  30000  31000  31000  32000  31000  32000  31000  31000  32000  32000  32000  32000  30000  30000  31000  32000  32000  31000 
1644533608         39000  34000  35000  35000  34000  34000  34000  32000  33000  33000  35000  34000  33000  35000  34000  34000  35000  34000  34000  31000  32000  32000  38000  39000  31000 
1644533618         38000  33000  34000  37000  38000  34000  33000  32000  32000  32000  33000  32000  33000  33000  33000  33000  33000  34000  33000  31000  31000  32000  33000  32000  31000 
1644533628         37000  32000  33000  36000  37000  33000  31000  31000  31000  31000  32000  31000  31000  31000  32000  32000  32000  32000  32000  30000  30000  30000  31000  31000  30000 
1644533639         36000  32000  32000  35000  36000  32000  31000  30000  30000  30000  31000  30000  31000  30000  31000  31000  32000  32000  31000  29000  29000  29000  30000  30000  29000 
1644533649         34000  31000  32000  34000  35000  31000  30000  30000  29000  29000  31000  30000  30000  30000  31000  31000  31000  31000  31000  29000  29000  29000  30000  30000  29000 
1644533659         35000  31000  31000  35000  35000  31000  30000  29000  29000  29000  30000  29000  29000  30000  30000  31000  31000  31000  31000  28000  28000  29000  30000  29000  28000 
1644533669         34000  30000  31000  34000  35000  30000  30000  30000  29000  29000  30000  29000  30000  29000  30000  30000  31000  30000  30000  28000  28000  28000  29000  29000  28000 
1644533680         35000  30000  30000  34000  34000  30000  29000  28000  29000  28000  30000  29000  30000  29000  30000  30000  30000  30000  30000  28000  28000  28000  29000  28000  27000 
1644533690         33000  30000  30000  32000  33000  28000  29000  32000  28000  28000  29000  29000  29000  29000  29000  30000  30000  30000  30000  28000  28000  28000  29000  28000  27000 
1644533700         43000  30000  32000  32000  43000  29000  30000  29000  29000  29000  30000  29000  29000  29000  30000  30000  32000  31000  31000  28000  28000  28000  30000  29000  27000 
1644533710         33000  30000  30000  32000  33000  28000  29000  32000  29000  28000  29000  29000  29000  29000  30000  30000  30000  30000  30000  28000  28000  28000  28000  28000  27000 
1644533721         33000  30000  30000  32000  32000  28000  29000  32000  28000  28000  29000  28000  29000  29000  30000  30000  30000  29000  30000  28000  27000  27000  28000  28000  27000 
1644533731         34000  30000  30000  33000  34000  29000  29000  28000  28000  28000  29000  28000  29000  28000  29000  30000  30000  29000  29000  27000  27000  28000  28000  28000  27000 
1644533741         34000  30000  30000  33000  34000  29000  28000  28000  28000  28000  29000  28000  29000  28000  29000  30000  30000  30000  29000  27000  27000  27000  28000  28000  27000 
1644533752         33000  29000  30000  33000  33000  30000  29000  28000  28000  27000  29000  28000  28000  28000  29000  29000  29000  30000  29000  27000  27000  27000  28000  28000  27000 
1644533762         33000  29000  30000  33000  33000  29000  28000  28000  28000  28000  29000  28000  28000  28000  29000  29000  30000  29000  29000  27000  27000  27000  28000  28000  27000 
1644533772         34000  29000  30000  33000  34000  29000  28000  29000  28000  27000  29000  28000  29000  28000  29000  29000  29000  29000  29000  27000  27000  27000  28000  28000  27000 
1644533782         33000  29000  30000  33000  33000  29000  28000  28000  28000  27000  29000  28000  29000  28000  29000  29000  29000  29000  30000  27000  27000  27000  28000  28000  27000 
1644533793         34000  30000  30000  33000  34000  30000  29000  28000  28000  28000  29000  28000  29000  28000  29000  29000  29000  29000  29000  27000  27000  27000  29000  28000  27000 
1644533803         34000  31000  31000  33000  34000  30000  29000  29000  29000  29000  30000  29000  30000  29000  30000  30000  31000  30000  30000  28000  28000  30000  29000  29000  29000 
1644533813         34000  31000  31000  34000  34000  30000  29000  30000  29000  29000  29000  29000  29000  29000  30000  30000  30000  30000  30000  28000  28000  29000  29000  28000  29000 
1644533824         35000  30000  30000  33000  34000  30000  29000  28000  29000  28000  30000  28000  29000  29000  30000  30000  30000  30000  30000  28000  28000  28000  29000  28000  29000 
1644533834         34000  30000  30000  34000  34000  30000  30000  29000  29000  28000  30000  29000  30000  29000  30000  30000  30000  31000  30000  28000  28000  28000  29000  29000  29000 
1644533844         33000  30000  30000  33000  33000  28000  29000  31000  28000  28000  29000  29000  30000  29000  29000  30000  30000  30000  30000  27000  28000  28000  29000  29000  28000 
1644533854         34000  30000  30000  33000  34000  31000  30000  29000  28000  28000  30000  29000  30000  29000  30000  30000  30000  30000  30000  27000  27000  28000  28000  28000  29000 
1644533865         33000  30000  30000  32000  32000  28000  29000  32000  28000  28000  29000  29000  29000  29000  30000  30000  30000  30000  30000  28000  28000  28000  29000  28000  29000 
1644533875         33000  30000  30000  32000  33000  28000  29000  32000  29000  28000  29000  29000  29000  29000  29000  30000  30000  30000  30000  28000  27000  28000  29000  29000  29000 
1644533885         33000  30000  30000  33000  33000  29000  29000  29000  28000  28000  29000  29000  29000  29000  30000  30000  30000  30000  30000  28000  28000  28000  29000  28000  29000 
1644533895         34000  30000  30000  34000  34000  30000  29000  28000  29000  28000  29000  29000  30000  29000  29000  30000  30000  30000  30000  28000  28000  28000  29000  29000  29000 
1644533906         33000  30000  30000  33000  34000  30000  29000  28000  28000  28000  29000  29000  30000  28000  29000  29000  30000  30000  29000  27000  27000  28000  29000  29000  29000 
1644533916         34000  30000  30000  33000  34000  30000  29000  28000  28000  28000  29000  28000  29000  29000  29000  30000  30000  30000  30000  28000  27000  28000  29000  28000  29000 
1644533926         33000  30000  30000  32000  33000  28000  29000  32000  28000  28000  29000  28000  29000  29000  29000  30000  30000  30000  30000  27000  27000  27000  29000  28000  29000 
1644533936         33000  30000  30000  33000  34000  30000  29000  28000  28000  28000  29000  28000  29000  29000  29000  29000  30000  30000  30000  28000  28000  28000  29000  28000  29000 
1644533947         34000  30000  30000  33000  34000  30000  29000  28000  28000  28000  29000  29000  29000  29000  29000  29000  30000  30000  30000  28000  27000  28000  29000  28000  29000 
1644533957         33000  30000  30000  32000  33000  28000  29000  32000  28000  28000  29000  28000  29000  28000  29000  30000  29000  30000  30000  28000  27000  27000  29000  28000  29000 
1644533967         33000  30000  30000  32000  32000  28000  29000  32000  29000  28000  30000  28000  29000  29000  30000  30000  30000  30000  30000  28000  27000  28000  28000  28000  29000 
1644533977         34000  30000  30000  33000  34000  30000  29000  29000  28000  28000  29000  28000  29000  29000  29000  30000  29000  30000  30000  28000  27000  28000  29000  28000  29000 
1644533988         33000  30000  30000  33000  32000  28000  29000  32000  28000  28000  29000  28000  29000  29000  30000  30000  30000  30000  30000  28000  27000  28000  28000  28000  28000 
1644533998         34000  30000  30000  33000  33000  30000  29000  29000  28000  28000  29000  29000  30000  29000  29000  30000  29000  30000  30000  28000  27000  28000  28000  28000  29000 
1644534008         33000  30000  30000  33000  33000  30000  29000  28000  28000  28000  29000  29000  29000  29000  29000  29000  30000  30000  30000  28000  27000  28000  28000  28000  29000 
1644534019         35000  30000  30000  33000  35000  30000  29000  29000  28000  28000  30000  29000  29000  29000  30000  30000  30000  30000  30000  28000  27000  28000  29000  28000  28000 
1644534029         33000  30000  30000  30000  32000  28000  29000  30000  29000  28000  30000  29000  33000  29000  29000  29000  30000  30000  30000  28000  27000  28000  28000  29000  29000 
1644534039         33000  30000  30000  32000  32000  28000  29000  30000  29000  28000  30000  29000  29000  29000  30000  29000  30000  30000  30000  28000  27000  28000  29000  28000  29000 
1644534049         33000  30000  30000  32000  33000  28000  29000  32000  29000  28000  29000  29000  29000  29000  29000  29000  29000  30000  30000  28000  27000  28000  28000  28000  28000 
1644534060         34000  30000  30000  33000  34000  30000  30000  29000  28000  28000  30000  28000  29000  29000  29000  29000  30000  30000  29000  28000  28000  28000  29000  28000  28000 
1644534070         34000  30000  31000  33000  33000  29000  29000  32000  29000  28000  30000  29000  30000  29000  30000  30000  31000  30000  30000  28000  28000  28000  29000  29000  30000 
1644534080         34000  30000  31000  33000  34000  31000  30000  28000  29000  28000  30000  29000  29000  29000  29000  30000  30000  30000  30000  28000  28000  28000  29000  28000  29000 
1644534090         33000  30000  31000  32000  33000  28000  29000  31000  29000  28000  30000  29000  30000  29000  29000  30000  30000  30000  30000  28000  28000  28000  29000  29000  29000 
1644534101         34000  30000  31000  34000  34000  30000  29000  29000  29000  28000  29000  29000  30000  29000  29000  30000  30000  30000  30000  28000  27000  28000  29000  29000  29000 
1644534111         33000  30000  30000  33000  33000  28000  29000  32000  29000  28000  29000  29000  29000  29000  29000  29000  30000  30000  30000  28000  27000  28000  29000  28000  29000 
1644534121         35000  30000  31000  33000  35000  31000  30000  29000  29000  29000  30000  29000  30000  30000  30000  30000  31000  30000  30000  28000  29000  29000  30000  29000  30000 
1644534132         33000  30000  30000  33000  32000  29000  30000  32000  29000  29000  29000  29000  30000  29000  30000  30000  30000  31000  30000  28000  28000  29000  29000  29000  29000 
1644534142         34000  30000  30000  33000  34000  30000  30000  29000  29000  28000  30000  29000  29000  29000  30000  30000  30000  30000  30000  28000  28000  29000  29000  29000  29000 
1644534152         33000  30000  30000  31000  30000  28000  29000  29000  31000  29000  30000  33000  31000  29000  30000  29000  30000  30000  30000  28000  29000  29000  29000  29000  29000 
1644534162         34000  30000  31000  33000  33000  30000  30000  29000  29000  28000  30000  29000  29000  29000  30000  30000  30000  31000  30000  28000  28000  29000  29000  29000  30000 
1644534173         34000  30000  31000  34000  34000  30000  29000  29000  29000  29000  29000  29000  30000  29000  29000  30000  30000  30000  30000  28000  28000  29000  29000  29000  29000 
1644534183         34000  30000  31000  34000  34000  30000  30000  29000  29000  28000  29000  29000  29000  29000  30000  30000  30000  30000  30000  28000  28000  29000  29000  29000  29000 
1644534193         33000  30000  31000  33000  33000  29000  29000  32000  29000  28000  29000  29000  30000  29000  30000  30000  30000  30000  30000  28000  28000  29000  29000  28000  28000 
1644534203         34000  30000  30000  33000  34000  30000  29000  29000  29000  29000  30000  29000  29000  29000  29000  29000  30000  30000  30000  28000  28000  29000  29000  28000  27000 
1644534214         33000  30000  30000  32000  32000  29000  30000  32000  29000  28000  30000  29000  29000  29000  30000  29000  30000  30000  29000  28000  28000  29000  29000  29000  28000 
1644534224         33000  30000  30000  33000  34000  31000  29000  29000  29000  28000  30000  29000  29000  29000  30000  30000  30000  30000  30000  28000  28000  29000  29000  28000  27000 
1644534234         34000  30000  30000  33000  34000  31000  33000  29000  28000  29000  30000  28000  29000  29000  29000  30000  30000  30000  30000  28000  28000  29000  29000  28000  27000 
1644534245         33000  30000  30000  33000  33000  29000  29000  32000  29000  28000  30000  29000  29000  29000  30000  30000  30000  30000  30000  28000  28000  29000  29000  28000  27000 
1644534255         34000  30000  30000  33000  34000  30000  29000  28000  29000  28000  29000  29000  29000  29000  29000  29000  30000  30000  30000  28000  28000  29000  29000  28000  27000 
1644534265         34000  30000  30000  34000  35000  30000  29000  29000  29000  29000  29000  28000  29000  29000  29000  29000  30000  30000  30000  28000  27000  28000  29000  28000  27000 
1644534275         33000  30000  30000  33000  33000  30000  29000  28000  28000  28000  29000  28000  29000  29000  29000  29000  30000  30000  30000  28000  27000  28000  29000  28000  27000 
1644534286         33000  29000  30000  33000  33000  30000  29000  28000  28000  28000  28000  28000  29000  29000  29000  29000  30000  29000  30000  27000  28000  27000  28000  28000  27000 
1644534296         34000  29000  30000  33000  33000  30000  29000  28000  28000  28000  29000  28000  28000  28000  29000  29000  30000  30000  29000  27000  27000  27000  28000  28000  27000 
1644534306         31000  29000  30000  30000  29000  29000  31000  28000  28000  28000  29000  28000  28000  28000  29000  29000  29000  29000  29000  27000  27000  27000  28000  28000  27000 
