#TIME all_pgs_mb huge_pgs_mb Node0_Foreign Node1_Foreign Node0_Local Node1_Local Node0_Other Node1_Other Node0_Free Node1_Free Node0_Used Node1_Used
1669072351 898614929 769430474 238016383 209346617 83581015 76882518 825600 930308 91185.03 93841.79 3936.43 2885.54
1669072361 898614929 769430474 238016383 209346617 83581063 76882567 825600 930308 91184.84 93839.14 3936.48 2888.84
1669072371 898614929 769430474 238016383 209346617 83581108 76882622 825600 930308 91185.16 93838.28 3935.66 2890.11
1669072382 898614929 769430474 238016383 209346617 83581157 76882672 825600 930308 91184.99 93838.24 3936.94 2890.14
1669072392 898614929 769430474 238016383 209346617 83581208 76882719 825600 930308 91184.59 93840.76 3936.88 2887.60
1669072402 898614929 769430474 238016383 209346617 83581261 76882767 825600 930308 91186.10 93840.17 3935.25 2887.76
1669072412 898614929 769430474 238016383 209346617 83581307 76882819 825600 930308 91184.53 93840.61 3936.80 2887.91
1669072423 898614929 769430474 238016383 209346617 83581355 76882871 825600 930308 91186.40 93839.27 3935.45 2888.71
1669072433 898614929 769430474 238016383 209346617 83581401 76882926 825600 930308 91186.09 93839.83 3935.86 2888.02
1669072443 898614929 769430474 238016383 209346617 83581455 76882972 825600 930308 91184.92 93840.86 3935.42 2887.61
1669072453 898614929 769430474 238016383 209346617 83581507 76883020 825600 930308 91185.17 93840.22 3936.76 2887.14
1669072464 898614929 769430474 238016383 209346617 83581555 76883070 825600 930308 91185.26 93840.30 3936.06 2888.70
1669072474 898614929 769430474 238016383 209346617 83581601 76883129 825600 930308 91185.82 93840.22 3936.08 2887.64
1669072484 898614929 769430474 238016383 209346617 83581652 76883174 825600 930308 91185.09 93841.13 3936.34 2887.21
1669072494 898614929 769430474 238016383 209346617 83581709 76883218 825600 930308 91185.61 93841.06 3935.71 2887.45
1669072505 898614929 769430474 238016383 209346617 83581753 76883275 825600 930308 91185.92 93840.93 3934.95 2885.94
1669072515 898614929 769430474 238016383 209346617 83581802 76883324 825600 930308 91184.84 93841.45 3936.48 2887.07
1669072525 898614929 769430474 238016383 209346617 83581852 76883374 825600 930308 91185.46 93840.03 3936.38 2887.00
1669072536 898614929 769430474 238016383 209346617 83581900 76883426 825600 930308 91187.07 93841.71 3934.86 2886.77
1669072546 898614929 769430474 238016383 209346617 83581951 76883475 825600 930308 91186.08 93840.05 3934.81 2888.34
1669072556 898614929 769430474 238016383 209346617 83582004 76883520 825600 930308 91187.57 93842.18 3934.30 2885.33
1669072566 898614929 769430474 238016383 209346617 83582055 76883571 825600 930308 91186.73 93841.97 3935.19 2886.45
1669072577 898614929 769430474 238016383 209346617 83582103 76883624 825600 930308 91187.33 93841.19 3933.99 2886.82
1669072587 898614929 769430474 238016383 209346617 83582152 76883673 825600 930308 91185.16 93841.37 3935.66 2887.15
1669072597 898614929 769430474 238016383 209346617 83582199 76883727 825600 930308 91186.65 93841.52 3935.04 2886.25
1669072607 898614929 769430474 238016383 209346617 83582253 76883775 825600 930308 91187.68 93841.13 3934.18 2886.87
1669072618 898614929 769430474 238016383 209346617 83582293 76883835 825600 930308 91187.96 93840.98 3933.36 2887.04
1669072628 898614929 769430474 238016383 209346617 83582343 76883885 825600 930308 91187.55 93841.28 3933.27 2886.69
1669072638 898614929 769430474 238016383 209346617 83582395 76883935 825600 930308 91187.38 93841.70 3934.07 2886.75
1669072649 898614929 769430474 238016383 209346617 83582447 76883983 825600 930308 91186.58 93842.07 3934.84 2885.37
1669072659 898614929 769430474 238016383 209346617 83582495 76884035 825600 930308 91187.94 93841.39 3933.50 2887.02
1669072669 898614929 769430474 238016383 209346617 83582548 76884083 825600 930308 91185.61 93841.73 3935.83 2886.67
1669072679 898614929 769430474 238016383 209346617 83582598 76884132 825600 930308 91185.68 93842.25 3935.64 2886.21
1669072690 898614929 769430474 238016383 209346617 83582650 76884180 825600 930308 91187.32 93843.17 3933.57 2884.68
1669072700 898614929 769430474 238016383 209346617 83582704 76884227 825600 930308 91188.38 93843.80 3934.04 2884.06
1669072710 898614929 769430474 238016383 209346617 83582754 76884277 825600 930308 91187.99 93843.57 3933.93 2884.28
1669072720 898614929 769430474 238016383 209346617 83582803 76884328 825600 930308 91185.89 93844.11 3935.57 2884.27
1669072731 898614929 769430474 238016383 209346617 83582857 76884374 825600 930308 91186.70 93844.74 3934.25 2883.71
1669072741 898614929 769430474 238016383 209346617 83582910 76884422 825600 930308 91188.77 93843.09 3933.05 2884.38
1669072751 898614929 769430474 238016383 209346617 83582956 76884477 825600 930308 91189.26 93842.70 3932.77 2884.66
1669072762 898614929 769430474 238016383 209346617 83583009 76884525 825600 930308 91187.46 93842.34 3935.00 2885.02
1669072772 898614929 769430474 238016383 209346617 83583056 76884576 825600 930308 91185.56 93843.81 3935.89 2884.62
1669072782 898614929 769430474 238016383 209346617 83583109 76884626 825600 930308 91184.98 93843.72 3935.96 2884.63
1669072792 898614929 769430474 238016383 209346617 83583160 76884676 825600 930308 91185.73 93843.79 3934.71 2884.14
1669072803 898614929 769430474 238016383 209346617 83583212 76884723 825600 930308 91186.69 93844.40 3934.62 2884.20
1669072813 898614929 769430474 238016383 209346617 83583260 76884777 825600 930308 91188.11 93842.86 3933.34 2885.54
1669072823 898614929 769430474 238016383 209346617 83583312 76884825 825600 930308 91186.10 93844.77 3935.34 2882.59
1669072833 898614929 769430474 238016383 209346617 83583364 76884872 825600 930308 91186.80 93844.13 3935.11 2883.23
1669072844 898614929 769430474 238016383 209346617 83583419 76884919 825600 930308 91187.99 93846.19 3933.45 2882.21
1669072854 898614929 769430474 238016383 209346617 83583474 76884963 825600 930308 91188.45 93845.27 3934.04 2882.58
1669072864 898614929 769430474 238016383 209346617 83583531 76885008 825600 930308 91187.00 93845.23 3935.40 2883.12
1669072874 898614929 769430474 238016383 209346617 83583584 76885055 825600 930308 91187.99 93845.06 3933.33 2882.42
1669072885 898614929 769430474 238016383 209346617 83583633 76885106 825600 930308 91187.57 93844.72 3933.81 2884.14
1669072895 898614929 769430474 238016383 209346617 83583683 76885157 825600 930308 91186.24 93843.29 3935.16 2884.07
1669072905 898614929 769430474 238016383 209346617 83583738 76885202 825600 930308 91187.17 93844.41 3933.66 2885.02
1669072916 898614929 769430474 238016383 209346617 83583781 76885261 825600 930308 91187.84 93843.81 3933.99 2884.16
1669072926 898614929 769430474 238016383 209346617 83583825 76885316 825600 930308 91187.70 93842.33 3933.68 2885.53
1669072936 898614929 769430474 238016383 209346617 83583877 76885364 825600 930308 91185.73 93843.10 3935.70 2884.87
1669072946 898614929 769430474 238016383 209346617 83583935 76885409 825600 930308 91186.76 93843.71 3934.68 2884.70
1669072957 898614929 769430474 238016383 209346617 83583990 76885454 825600 930308 91188.05 93843.86 3933.03 2883.78
1669072967 898614929 769430474 238016383 209346617 83584042 76885504 825600 930308 91187.22 93843.75 3935.24 2883.64
1669072977 898614929 769430474 238016383 209346617 83584093 76885552 825600 930308 91187.92 93842.04 3933.95 2885.96
1669072987 898614929 769430474 238016383 209346617 83584141 76885606 825600 930308 91188.73 93841.21 3933.17 2886.31
1669072998 898614929 769430474 238016383 209346617 83584190 76885656 825600 930308 91187.84 93842.41 3933.48 2886.05
1669073008 898614929 769430474 238016383 209346617 83584240 76885708 825600 930308 91187.12 93841.92 3933.71 2886.07
1669073018 898614929 769430474 238016383 209346617 83584290 76885758 825600 930308 91187.70 93841.91 3933.80 2886.46
1669073029 898614929 769430474 238016383 209346617 83584354 76885810 825600 930308 91188.20 93842.76 3933.12 2885.14
1669073039 898614929 769430474 238016383 209346617 83584373 76885909 825600 930308 91188.82 93841.11 3932.50 2885.82
1669073049 898614929 769430474 238016383 209346617 83584392 76886007 825600 930308 91188.77 93841.41 3932.55 2886.00
1669073059 898614929 769430474 238016383 209346617 83584412 76886105 825600 930308 91188.71 93841.15 3932.61 2887.34
1669073070 898614941 769430484 238016383 209346617 83584427 76886206 825600 930308 91185.04 93846.25 3936.28 2882.19
1669073080 898614941 769430484 238016383 209346617 83584508 76886241 825600 930308 91181.48 93848.19 3939.98 2879.67
1669073090 898614942 769430484 238016383 209346617 83584598 76886261 825600 930308 91184.25 93846.87 3937.07 2881.52
1669073100 898614942 769430484 238016383 209346617 83584614 76886356 825600 930308 91184.58 93846.68 3936.74 2882.23
1669073111 898614942 769430484 238016383 209346617 83584626 76886456 825600 930308 91185.02 93845.79 3936.30 2881.59
1669073121 898614942 769430484 238016383 209346617 83584636 76886555 825600 930308 91185.77 93846.16 3935.55 2883.29
1669073131 898614942 769430484 238016383 209346617 83584645 76886647 825600 930308 91184.53 93845.37 3936.41 2882.52
1669073141 898614942 769430484 238016383 209346617 83584697 76886694 825600 930308 91181.60 93844.81 3939.72 2882.17
1669073152 898614942 769430484 238016383 209346617 83584748 76886746 825600 930308 91182.13 93846.30 3939.36 2882.05
1669073162 898614942 769430484 238016383 209346617 83584801 76886793 825600 930308 91181.43 93846.10 3940.54 2881.76
1669073172 898614942 769430484 238016383 209346617 83584858 76886838 825600 930308 91181.09 93846.15 3940.23 2882.32
1669073182 898614942 769430484 238016383 209346617 83584907 76886890 825600 930308 91182.36 93845.07 3939.46 2882.95
1669073193 898614942 769430484 238016383 209346617 83584957 76886940 825600 930308 91182.05 93845.41 3938.78 2883.55
1669073203 898614942 769430484 238016383 209346617 83585007 76886991 825600 930308 91181.41 93845.73 3940.55 2882.13
1669073213 898614942 769430484 238016383 209346617 83585058 76887042 825600 930308 91181.77 93846.06 3940.06 2881.94
1669073224 898614942 769430484 238016383 209346617 83585107 76887092 825600 930308 91181.87 93845.70 3939.94 2882.28
1669073234 898614942 769430484 238016383 209346617 83585156 76887144 825600 930308 91182.14 93846.27 3939.30 2882.11
1669073244 898614942 769430484 238016383 209346617 83585207 76887194 825600 930308 91182.07 93845.89 3938.82 2882.57
1669073254 898614942 769430484 238016383 209346617 83585257 76887246 825600 930308 91182.33 93846.52 3939.09 2882.43
1669073265 898614942 769430484 238016383 209346617 83585317 76887287 825600 930308 91182.02 93846.01 3939.42 2881.90
1669073275 898614942 769430484 238016383 209346617 83585364 76887341 825600 930308 91181.88 93846.25 3939.64 2881.61
1669073285 898614942 769430484 238016383 209346617 83585415 76887389 825600 930308 91180.09 93846.28 3941.39 2881.58
1669073295 898614942 769430484 238016383 209346617 83585468 76887437 825600 930308 91182.49 93846.99 3938.83 2880.98
1669073306 898614942 769430484 238016383 209346617 83585518 76887488 825600 930308 91183.14 93846.60 3939.78 2881.86
1669073316 898614942 769430484 238016383 209346617 83585570 76887537 825600 930308 91183.59 93846.55 3938.87 2880.82
1669073326 898614942 769430484 238016383 209346617 83585626 76887580 825600 930308 91181.76 93847.41 3939.20 2880.95
1669073337 898614942 769430484 238016383 209346617 83585684 76887623 825600 930308 91183.12 93847.12 3938.75 2881.34
1669073347 898614942 769430484 238016383 209346617 83585727 76887681 825600 930308 91181.92 93846.50 3938.53 2881.91
1669073357 898614942 769430484 238016383 209346617 83585778 76887728 825600 930308 91180.43 93846.79 3941.00 2880.57
1669073367 898614942 769430484 238016383 209346617 83585829 76887778 825600 930308 91182.20 93847.72 3939.28 2880.66
1669073378 898614942 769430484 238016383 209346617 83585886 76887823 825600 930308 91181.28 93848.01 3939.68 2880.35
1669073388 898614942 769430484 238016383 209346617 83585939 76887869 825600 930308 91180.55 93848.14 3940.88 2880.30
1669073398 898614942 769430484 238016383 209346617 83585998 76887911 825600 930308 91180.93 93847.34 3941.54 2880.52
1669073408 898614942 769430484 238016383 209346617 83586053 76887954 825600 930308 91181.72 93846.27 3939.60 2880.71
1669073419 898614942 769430484 238016383 209346617 83586102 76888007 825600 930308 91181.70 93846.92 3939.62 2881.09
1669073429 898614942 769430484 238016383 209346617 83586152 76888059 825600 930308 91182.86 93846.79 3939.05 2881.71
1669073439 898614942 769430484 238016383 209346617 83586200 76888110 825600 930308 91181.23 93845.51 3939.72 2881.85
1669073450 898614942 769430484 238016383 209346617 83586252 76888159 825600 930308 91178.88 93845.70 3941.54 2882.16
1669073460 898614942 769430484 238016383 209346617 83586300 76888211 825600 930308 91181.92 93845.41 3939.40 2881.59
1669073470 898614942 769430484 238016383 209346617 83586351 76888261 825600 930308 91183.25 93847.95 3938.64 2880.57
1669073480 898614942 769430484 238016383 209346617 83586399 76888311 825600 930308 91184.14 93846.97 3937.83 2880.39
1669073491 898614942 769430484 238016383 209346617 83586449 76888362 825600 930308 91182.24 93847.70 3938.93 2880.16
1669073501 898614942 769430484 238016383 209346617 83586499 76888414 825600 930308 91181.23 93847.11 3940.75 2880.75
1669073511 898614942 769430484 238016383 209346617 83586550 76888462 825600 930308 91183.14 93847.72 3938.18 2880.84
1669073521 898614942 769430484 238016383 209346617 83586601 76888511 825600 930308 91182.25 93848.45 3938.22 2879.52
1669073532 898614942 769430484 238016383 209346617 83586656 76888559 825600 930308 91183.12 93846.65 3938.70 2881.36
1669073542 898614942 769430484 238016383 209346617 83586705 76888610 825600 930308 91181.59 93846.88 3938.80 2881.47
1669073552 898614942 769430484 238016383 209346617 83586754 76888663 825600 930308 91182.99 93847.11 3939.48 2880.79
1669073563 898614942 769430484 238016383 209346617 83586813 76888705 825600 930308 91181.36 93845.93 3939.69 2881.93
1669073573 898614942 769430484 238016383 209346617 83586867 76888750 825600 930308 91181.40 93847.04 3939.57 2880.82
1669073583 898614942 769430484 238016383 209346617 83586920 76888799 825600 930308 91181.45 93846.61 3938.95 2880.77
1669073593 898614942 769430484 238016383 209346617 83586970 76888848 825600 930308 91180.87 93848.55 3939.99 2880.43
1669073604 898614942 769430484 238016383 209346617 83587021 76888900 825600 930308 91183.25 93847.09 3938.07 2881.36
1669073614 898614942 769430484 238016383 209346617 83587071 76888950 825600 930308 91181.62 93847.24 3939.82 2880.12
1669073624 898614942 769430484 238016383 209346617 83587120 76888998 825600 930308 91181.90 93848.25 3940.04 2879.63
1669073634 898614942 769430484 238016383 209346617 83587173 76889048 825600 930308 91180.79 93848.41 3940.18 2879.97
1669073645 898614942 769430484 238016383 209346617 83587232 76889092 825600 930308 91182.19 93848.09 3939.62 2880.39
1669073655 898614942 769430484 238016383 209346617 83587277 76889147 825600 930308 91182.38 93849.71 3939.60 2878.64
1669073665 898614942 769430484 238016383 209346617 83587331 76889194 825600 930308 91181.21 93848.76 3940.11 2879.21
1669073676 898614942 769430484 238016383 209346617 83587379 76889247 825600 930308 91181.54 93848.02 3939.47 2878.61
1669073686 898614942 769430484 238016383 209346617 83587422 76889303 825600 930308 91182.57 93848.56 3938.25 2879.93
1669073696 898614942 769430484 238016383 209346617 83587467 76889358 825600 930308 91182.32 93847.96 3939.05 2879.89
1669073706 898614942 769430484 238016383 209346617 83587517 76889409 825600 930308 91181.37 93847.64 3939.46 2880.30
1669073717 898614942 769430484 238016383 209346617 83587565 76889461 825600 930308 91182.29 93846.51 3939.21 2880.71
1669073727 898614942 769430484 238016383 209346617 83587615 76889510 825600 930308 91181.63 93847.63 3939.81 2881.28
1669073737 898614942 769430484 238016383 209346617 83587671 76889557 825600 930308 91181.00 93847.61 3940.88 2880.25
1669073747 898614942 769430484 238016383 209346617 83587720 76889606 825600 930308 91181.43 93849.06 3939.47 2878.87
1669073758 898614942 769430484 238016383 209346617 83587775 76889652 825600 930308 91181.20 93850.03 3939.78 2877.82
1669073768 898614942 769430484 238016383 209346617 83587833 76889695 825600 930308 91181.34 93848.11 3940.48 2880.35
1669073778 898614942 769430484 238016383 209346617 83587885 76889744 825600 930308 91181.46 93848.37 3940.50 2880.04
1669073788 898614942 769430484 238016383 209346617 83587933 76889796 825600 930308 91180.18 93848.84 3941.32 2879.57
1669073799 898614942 769430484 238016383 209346617 83587985 76889845 825600 930308 91182.93 93849.58 3939.57 2878.28
1669073809 898614942 769430484 238016383 209346617 83588036 76889895 825600 930308 91180.05 93848.90 3941.41 2878.97
1669073819 898614942 769430484 238016383 209346617 83588090 76889943 825600 930308 91180.80 93847.24 3941.11 2881.28
1669073830 898614942 769430484 238016383 209346617 83588134 76890001 825600 930308 91180.59 93847.29 3941.34 2881.06
1669073840 898614942 769430484 238016383 209346617 83588191 76890046 825600 930308 91180.27 93848.44 3940.73 2879.41
1669073850 898614942 769430484 238016383 209346617 83588243 76890095 825600 930308 91181.76 93846.73 3940.09 2881.25
1669073860 898614942 769430484 238016383 209346617 83588286 76890153 825600 930308 91181.11 93847.33 3940.82 2881.08
1669073871 898614942 769430484 238016383 209346617 83588337 76890202 825600 930308 91181.41 93849.22 3940.24 2879.07
1669073881 898614942 769430484 238016383 209346617 83588387 76890254 825600 930308 91182.32 93847.25 3938.51 2880.71
1669073891 898614942 769430484 238016383 209346617 83588439 76890304 825600 930308 91181.95 93847.56 3939.38 2880.40
1669073901 898614942 769430484 238016383 209346617 83588487 76890356 825600 930308 91183.41 93847.16 3937.91 2881.36
1669073912 898614942 769430484 238016383 209346617 83588536 76890409 825600 930308 91183.73 93846.53 3937.59 2881.98
1669073922 898614942 769430484 238016383 209346617 83588584 76890461 825600 930308 91183.87 93847.45 3938.07 2879.91
1669073932 898614942 769430484 238016383 209346617 83588641 76890504 825600 930308 91182.95 93846.06 3938.38 2881.91
1669073943 898614942 769430484 238016383 209346617 83588689 76890555 825600 930308 91183.08 93845.85 3938.83 2881.52
1669073953 898614942 769430484 238016383 209346617 83588741 76890606 825600 930308 91182.27 93846.12 3939.05 2881.30
1669073963 898614942 769430484 238016383 209346617 83588790 76890656 825600 930308 91182.67 93846.24 3939.16 2881.25
1669073973 898614942 769430484 238016383 209346617 83588836 76890712 825600 930308 91183.16 93847.37 3938.29 2880.00
1669073984 898614942 769430484 238016383 209346617 83588887 76890760 825600 930308 91182.23 93848.25 3938.66 2880.16
1669073994 898614942 769430484 238016383 209346617 83588939 76890810 825600 930308 91183.22 93846.64 3938.59 2880.86
1669074004 898614942 769430484 238016383 209346617 83588986 76890863 825600 930308 91181.36 93848.83 3939.55 2879.57
1669074014 898614942 769430484 238016383 209346617 83589036 76890912 825600 930308 91181.57 93848.30 3939.81 2879.57
1669074025 898614942 769430484 238016383 209346617 83589088 76890961 825600 930308 91183.88 93847.92 3938.10 2881.11
1669074035 898614942 769430484 238016383 209346617 83589145 76891004 825600 930308 91181.60 93849.15 3940.41 2878.21
1669074045 898614942 769430484 238016383 209346617 83589195 76891053 825600 930308 91181.21 93847.84 3941.27 2880.04
1669074056 898614942 769430484 238016383 209346617 83589249 76891101 825600 930308 91181.11 93848.56 3940.37 2879.30
1669074066 898614942 769430484 238016383 209346617 83589297 76891154 825600 930308 91181.12 93848.04 3939.77 2880.95
1669074076 898614942 769430484 238016383 209346617 83589348 76891205 825600 930308 91180.93 93848.69 3940.05 2879.67
1669074086 898614942 769430484 238016383 209346617 83589397 76891255 825600 930308 91182.80 93849.27 3938.59 2879.25
1669074097 898614942 769430484 238016383 209346617 83589444 76891310 825600 930308 91183.26 93847.81 3938.14 2881.12
1669074107 898614942 769430484 238016383 209346617 83589490 76891365 825600 930308 91182.37 93849.40 3938.59 2878.95
1669074117 898614942 769430484 238016383 209346617 83589537 76891417 825600 930308 91183.57 93848.77 3938.36 2879.60
1669074127 898614942 769430484 238016383 209346617 83589591 76891464 825600 930308 91182.03 93849.18 3939.46 2879.29
1669074138 898614942 769430484 238016383 209346617 83589640 76891514 825600 930308 91182.69 93849.47 3938.78 2877.89
1669074148 898614942 769430484 238016383 209346617 83589697 76891560 825600 930308 91183.83 93848.32 3937.99 2879.16
1669074158 898614942 769430484 238016383 209346617 83589748 76891609 825600 930308 91182.44 93846.50 3938.88 2880.96
1669074168 898614942 769430484 238016383 209346617 83589793 76891665 825600 930308 91182.39 93849.21 3938.07 2879.19
1669074179 898614942 769430484 238016383 209346617 83589845 76891713 825600 930308 91182.81 93847.28 3938.51 2880.16
1669074189 898614942 769430484 238016383 209346617 83589896 76891764 825600 930308 91183.46 93848.16 3938.36 2880.30
1669074199 898614942 769430484 238016383 209346617 83589937 76891822 825600 930308 91184.23 93847.24 3937.09 2880.71
1669074210 898614942 769430484 238016383 209346617 83589986 76891874 825600 930308 91182.04 93847.19 3938.45 2881.16
1669074220 898614942 769430484 238016383 209346617 83590042 76891919 825600 930308 91184.71 93846.94 3937.14 2882.09
1669074230 898614942 769430484 238016383 209346617 83590093 76891969 825600 930308 91183.34 93846.20 3938.04 2881.79
1669074240 898614942 769430484 238016383 209346617 83590139 76892023 825600 930308 91183.53 93848.38 3937.80 2879.55
1669074251 898614942 769430484 238016383 209346617 83590191 76892074 825600 930308 91182.28 93848.67 3938.72 2879.19
1669074261 898614942 769430484 238016383 209346617 83590245 76892118 825600 930308 91184.05 93849.86 3937.85 2878.62
1669074271 898614942 769430484 238016383 209346617 83590294 76892171 825600 930308 91183.98 93848.87 3937.97 2879.50
1669074281 898614942 769430484 238016383 209346617 83590344 76892222 825600 930308 91181.62 93847.30 3939.70 2880.72
1669074292 898614942 769430484 238016383 209346617 83590393 76892273 825600 930308 91181.98 93845.25 3939.34 2882.72
1669074302 898614942 769430484 238016383 209346617 83590436 76892333 825600 930308 91182.88 93846.46 3938.46 2881.55
1669074312 898614942 769430484 238016383 209346617 83590487 76892385 825600 930308 91181.62 93846.23 3938.28 2881.63
