      time tx_packets rx_packets        tx_bytes        rx_bytes  tx_errors tx_dropped rx_frame_errors rx_crc_errors
1644531263          0          8               0             480          0          0          0          0
1644531273          0         55               0            3300          0          0          0          0
1644531284          1         50             419            3006          0          0          0          0
1644531294          1         58              42            3753          0          0          0          0
1644531304          1         39              66            2619          0          0          0          0
1644531314          0         44               0            2913          0          0          0          0
1644531325          0         84               0            5313          0          0          0          0
1644531335          0        568               0           34080          0          0          0          0
1644531345          0         95               0            5700          0          0          0          0
1644531356          0         48               0            3153          0          0          0          0
1644531366          1         65              66            3906          0          0          0          0
1644531376          1         49              42            2940          0          0          0          0
1644531386          0         50               0            3000          0          0          0          0
1644531397          0         45               0            2700          0          0          0          0
1644531407          0         49               0            2940          0          0          0          0
1644531417          1         62              42            3720          0          0          0          0
1644531428          7        495             659           29927          0          0          0          0
1644531438          3        274             126           16440          0          0          0          0
1644531448          0         60               0            3600          0          0          0          0
1644531458          0         68               0            4080          0          0          0          0
1644531469          2         54             421            3246          0          0          0          0
1644531479          0         59               0            3540          0          0          0          0
1644531489          2         64             108            4392          0          0          0          0
1644531500          0         64               0            4113          0          0          0          0
1644531510          0         52               0            3393          0          0          0          0
1644531520          0         54               0            3240          0          0          0          0
1644531531          0        609               0           36540          0          0          0          0
1644531541          0        109               0            6813          0          0          0          0
1644531551          3         78             174            4686          0          0          0          0
1644531561          4         65             352            3900          0          0          0          0
1644531572          7         70             686            4484          0          0          0          0
1644531582          3         65             466            3942          0          0          0          0
1644531592          0         56               0            3360          0          0          0          0
1644531603          0         57               0            3420          0          0          0          0
1644531613          0         39               0            2609          0          0          0          0
1644531623          0         44               0            2640          0          0          0          0
1644531633          7        580             635           35021          0          0          0          0
1644531644          0        110               0            6600          0          0          0          0
1644531654          0         57               0            3420          0          0          0          0
1644531664          0         51               0            3060          0          0          0          0
1644531674          0         49               0            3486          0          0          0          0
1644531685          0         42               0            2793          0          0          0          0
1644531695          0         36               0            2160          0          0          0          0
1644531705          0         59               0            3813          0          0          0          0
1644531716          0         42               0            2524          0          0          0          0
1644531726          6        104             593            6461          0          0          0          0
1644531736          1        608              42           36753          0          0          0          0
1644531746          0        103               0            6718          0          0          0          0
1644531757          0         65               0            4169          0          0          0          0
1644531767          0         72               0            4589          0          0          0          0
1644531778          0         66               0            3960          0          0          0          0
1644531788          0         48               0            2880          0          0          0          0
1644531798          0         54               0            3240          0          0          0          0
1644531808          0         59               0            3540          0          0          0          0
1644531819          0         70               0            4469          0          0          0          0
1644531829          0        397               0           23820          0          0          0          0
1644531839          0        291               0           17460          0          0          0          0
1644531850          0         60               0            3869          0          0          0          0
1644531860          0         50               0            3542          0          0          0          0
1644531870          0         63               0            4595          0          0          0          0
1644531880          3         45             595            2706          0          0          0          0
1644531891          7         48             654            3421          0          0          0          0
1644531901          4         52             584            3176          0          0          0          0
1644531911          4         56             695            3444          0          0          0          0
1644531921          0         56               0            3573          0          0          0          0
1644531932          6         69             593            4361          0          0          0          0
1644531942          1        568              42           34080          0          0          0          0
1644531952          0         79               0            4740          0          0          0          0
1644531962          0         51               0            3060          0          0          0          0
1644531973          0         51               0            3060          0          0          0          0
1644531983          0         49               0            2940          0          0          0          0
1644531993          0         53               0            3180          0          0          0          0
1644532004          0         61               0            3660          0          0          0          0
1644532014          0         42               0            2520          0          0          0          0
1644532024          0         54               0            3240          0          0          0          0
1644532034          0        439               0           26340          0          0          0          0
1644532045          0        277               0           16620          0          0          0          0
1644532055          0         71               0            4806          0          0          0          0
1644532065          2         60             445            3885          0          0          0          0
1644532075          1         50              42            3273          0          0          0          0
1644532086          0         63               0            3780          0          0          0          0
1644532096          0         52               0            3120          0          0          0          0
1644532106          0         68               0            4353          0          0          0          0
1644532117          0         53               0            3180          0          0          0          0
1644532127          0         73               0            4380          0          0          0          0
1644532137          7        571             635           34481          0          0          0          0
1644532148          0        126               0            7560          0          0          0          0
1644532158          0         57               0            3420          0          0          0          0
1644532168          0         41               0            2460          0          0          0          0
1644532178          0         58               0            3480          0          0          0          0
1644532189          0         59               0            3540          0          0          0          0
1644532199          2         61             176            3688          0          0          0          0
1644532209          7         58             654            3720          0          0          0          0
1644532219          5         39             626            2352          0          0          0          0
1644532230          0         62               0            3720          0          0          0          0
1644532240          7        612             635           37487          0          0          0          0
1644532250          2        101             430            6339          0          0          0          0
1644532261          0         40               0            2400          0          0          0          0
1644532271          0         58               0            3753          0          0          0          0
1644532281          0         43               0            2580          0          0          0          0
1644532291          0         58               0            3480          0          0          0          0
1644532302          0         47               0            3093          0          0          0          0
1644532312          0         53               0            3180          0          0          0          0
1644532322          0         46               0            2764          0          0          0          0
1644532332          0         58               0            3480          0          0          0          0
1644532343          0        562               0           33720          0          0          0          0
1644532353          0        134               0            8040          0          0          0          0
1644532363          0         62               0            3720          0          0          0          0
1644532374          0         68               0            4080          0          0          0          0
1644532384          0         65               0            3900          0          0          0          0
1644532395          0         61               0            3660          0          0          0          0
1644532405          0         59               0            3540          0          0          0          0
1644532415          0         55               0            3300          0          0          0          0
1644532425          0         58               0            3753          0          0          0          0
1644532436          6        130             593            8567          0          0          0          0
1644532446          1        619              42           37140          0          0          0          0
1644532456          0         76               0            4833          0          0          0          0
1644532466          0         60               0            3600          0          0          0          0
1644532477          0         54               0            3240          0          0          0          0
1644532487          1         52             419            3399          0          0          0          0
1644532497          1         47              42            2820          0          0          0          0
1644532508          0         60               0            3600          0          0          0          0
1644532518          2         51             176            3060          0          0          0          0
1644532528          7         47             654            3088          0          0          0          0
1644532538         10        139            1153            8567          0          0          0          0
1644532549          2        582             277           34926          0          0          0          0
1644532559          0         70               0            4200          0          0          0          0
1644532569          0         48               0            2880          0          0          0          0
1644532579          1         36              42            2160          0          0          0          0
1644532590          0         57               0            3420          0          0          0          0
1644532600          0         47               0            2820          0          0          0          0
1644532610          0         52               0            3393          0          0          0          0
1644532621          2         47             132            3123          0          0          0          0
1644532631          0         44               0            2913          0          0          0          0
1644532641          0        227               0           13893          0          0          0          0
1644532651          0        441               0           26460          0          0          0          0
1644532662          0         46               0            2764          0          0          0          0
1644532672          1         59             379            3819          0          0          0          0
1644532682          1         71              42            4260          0          0          0          0
1644532692          0         61               0            3660          0          0          0          0
1644532703          0         63               0            3780          0          0          0          0
1644532713          0         52               0            3120          0          0          0          0
1644532723          0         53               0            3180          0          0          0          0
1644532734          0         57               0            3420          0          0          0          0
1644532744          7        624             635           37661          0          0          0          0
1644532754          0        109               0            6540          0          0          0          0
1644532765          0         59               0            3540          0          0          0          0
1644532775          0         57               0            3420          0          0          0          0
1644532785          0         53               0            3180          0          0          0          0
1644532795          0         60               0            3600          0          0          0          0
1644532806          0         64               0            4386          0          0          0          0
1644532816          0         63               0            4053          0          0          0          0
1644532826          0         47               0            2820          0          0          0          0
1644532837          0         45               0            2973          0          0          0          0
1644532847         12        618            1029           37301          0          0          0          0
1644532857          9        106            1062            6656          0          0          0          0
1644532867          0         51               0            3333          0          0          0          0
1644532878          0         34               0            2040          0          0          0          0
1644532888          0         46               0            2760          0          0          0          0
1644532898          0         60               0            3600          0          0          0          0
1644532909          0         46               0            2760          0          0          0          0
1644532919          0         51               0            3064          0          0          0          0
1644532929          0         56               0            3360          0          0          0          0
1644532939          0         64               0            3840          0          0          0          0
1644532950          0        600               0           36000          0          0          0          0
1644532960          0         82               0            4920          0          0          0          0
1644532970          0         62               0            3840          0          0          0          0
1644532981          0         65               0            3780          0          0          0          0
1644532991          0         65               0            4446          0          0          0          0
1644533002          0         55               0            3573          0          0          0          0
1644533012          0         54               0            3240          0          0          0          0
1644533022          0         62               0            3993          0          0          0          0
1644533032          0         50               0            3000          0          0          0          0
1644533043          6        419             593           25361          0          0          0          0
1644533053          1        289              42           17613          0          0          0          0
1644533063          0         61               0            3660          0          0          0          0
1644533073          0         51               0            3060          0          0          0          0
1644533084          0         64               0            3840          0          0          0          0
1644533094          1         52             419            3126          0          0          0          0
1644533104          5         58             738            3504          0          0          0          0
1644533115          0         52               0            3120          0          0          0          0
1644533125          0         42               0            2520          0          0          0          0
1644533135          0         57               0            3420          0          0          0          0
1644533145          0        583               0           34980          0          0          0          0
1644533156          2        111             429            6666          0          0          0          0
1644533166          4         52             352            3120          0          0          0          0
1644533176          7         53             686            3693          0          0          0          0
1644533186          1         58             310            3803          0          0          0          0
1644533197          0         37               0            2493          0          0          0          0
1644533207          0         58               0            3753          0          0          0          0
1644533217          0         48               0            2880          0          0          0          0
1644533228          0         48               0            2880          0          0          0          0
1644533238          0         46               0            3033          0          0          0          0
1644533248          7        629             635           37961          0          0          0          0
1644533258          0        109               0            6544          0          0          0          0
1644533269          0         60               0            3600          0          0          0          0
1644533279          2         61             421            3666          0          0          0          0
1644533289          0         54               0            3240          0          0          0          0
1644533299          0         56               0            3360          0          0          0          0
1644533310          0         40               0            2400          0          0          0          0
1644533320          0         66               0            3960          0          0          0          0
1644533330          0         56               0            3360          0          0          0          0
1644533341          0         64               0            3840          0          0          0          0
1644533351          0        603               0           36180          0          0          0          0
1644533361          0         82               0            4920          0          0          0          0
1644533371          0         59               0            4086          0          0          0          0
1644533382          0         57               0            3693          0          0          0          0
1644533392          0         65               0            4173          0          0          0          0
1644533402          0         68               0            4080          0          0          0          0
1644533412          0         56               0            3360          0          0          0          0
1644533423          0         55               0            3300          0          0          0          0
1644533433          0         13               0            1053          0          0          0          0
1644533443          6        417             593           25241          0          0          0          0
1644533454          1        237              42           14220          0          0          0          0
1644533464          0         19               0            1140          0          0          0          0
1644533474          0          5               0             300          0          0          0          0
1644533484          5         12             394             720          0          0          0          0
1644533495          7         17             686            1260          0          0          0          0
1644533505          2         26             376            1885          0          0          0          0
1644533515          0         17               0            1024          0          0          0          0
1644533526          0         20               0            1200          0          0          0          0
1644533536          0         24               0            1440          0          0          0          0
1644533546          7        592             635           35741          0          0          0          0
1644533556          0         86               0            5706          0          0          0          0
1644533567          0         25               0            1773          0          0          0          0
1644533577          0         20               0            1200          0          0          0          0
1644533587          0         25               0            1773          0          0          0          0
1644533598          0         21               0            1264          0          0          0          0
1644533608          0         23               0            1380          0          0          0          0
1644533618          0         40               0            2673          0          0          0          0
1644533628          0         32               0            1920          0          0          0          0
1644533639          2         26             277            1566          0          0          0          0
1644533649          0        532               0           31920          0          0          0          0
1644533659          0         71               0            4260          0          0          0          0
1644533669          2         29             132            1770          0          0          0          0
1644533680          0         22               0            1320          0          0          0          0
1644533690          0         20               0            1200          0          0          0          0
1644533700          3         16             527             972          0          0          0          0
1644533710          0         10               0             600          0          0          0          0
1644533721          0         13               0             780          0          0          0          0
1644533731          0         23               0            1380          0          0          0          0
1644533741          0         23               0            1653          0          0          0          0
1644533752          7        538             635           32774          0          0          0          0
1644533762          0         77               0            4893          0          0          0          0
1644533772          0        524               0           31713          0          0          0          0
1644533782          0         77               0            4620          0          0          0          0
1644533793          0          7               0             420          0          0          0          0
1644533803          2         22             176            1593          0          0          0          0
1644533813         10         12             904             988          0          0          0          0
1644533824          1          7             310             514          0          0          0          0
1644533834          0         13               0             780          0          0          0          0
1644533844          0         15               0             900          0          0          0          0
1644533854          0         14               0             844          0          0          0          0
1644533865          6         52             593            3341          0          0          0          0
1644533875          2        542             421           32526          0          0          0          0
1644533885          1         62              42            3720          0          0          0          0
1644533895          0         28               0            1680          0          0          0          0
1644533906          0         14               0             840          0          0          0          0
1644533916          0         25               0            1504          0          0          0          0
1644533926          0         37               0            2224          0          0          0          0
1644533936          0         18               0            1630          0          0          0          0
1644533947          0         24               0            1713          0          0          0          0
1644533957          0         16               0            1237          0          0          0          0
1644533967          0        235               0           14100          0          0          0          0
1644533977          0        415               0           24900          0          0          0          0
1644533988          0         39               0            2348          0          0          0          0
1644533998          0         23               0            1657          0          0          0          0
1644534008          0         21               0            1264          0          0          0          0
1644534019          0         13               0             780          0          0          0          0
1644534029          0          4               0             240          0          0          0          0
1644534039          0         20               0            1208          0          0          0          0
1644534049          0         16               0             964          0          0          0          0
1644534060          0          7               0             428          0          0          0          0
1644534070         15        542            1999           32789          0          0          0          0
1644534080          1         74              42            4440          0          0          0          0
1644534090          0          6               0             360          0          0          0          0
1644534101          0         24               0            1448          0          0          0          0
1644534111          0         17               0            1024          0          0          0          0
1644534121          2         16             176            1514          0          0          0          0
1644534132          6         27             612            2133          0          0          0          0
1644534142          5         31             626            1872          0          0          0          0
1644534152          0         30               0            2073          0          0          0          0
1644534162          0         46               0            2760          0          0          0          0
1644534173          0        542               0           32524          0          0          0          0
1644534183          0         94               0            5913          0          0          0          0
1644534193          0         37               0            2220          0          0          0          0
1644534203          0         22               0            1320          0          0          0          0
1644534214          0         31               0            1860          0          0          0          0
1644534224          0         36               0            2160          0          0          0          0
1644534234          0         19               0            1140          0          0          0          0
1644534245          0         15               0             900          0          0          0          0
1644534255          0         19               0            1140          0          0          0          0
1644534265          0         28               0            1680          0          0          0          0
1644534275          7        631             635           38085          0          0          0          0
1644534286          0         80               0            4800          0          0          0          0
1644534296          1         17             419            1026          0          0          0          0
1644534306          5         22             738            1617          0          0          0          0
