1644531263       1772      24083      64578    2520031
1644531273      15140     176256     358284   18473122
1644531283      11752     167086     305047   15127243
1644531294      14170     168399     271145   12423917
1644531304      11488     154867     220362    5156334
1644531314      16559     169607     366991    8421974
1644531325      20560     170101     871162    7482919
1644531335      49497     192546    2508688    4340637
1644531345      49571     196837    2450784    4412308
1644531355      50395     193857    2495355    4381308
1644531366      50476     196085    2499178    4420841
1644531376      50650     193009    2508419    4372693
1644531386      49924     198672    2473248    4453862
1644531397      46644     191625    2314211    4265734
1644531407      49613     195100    2456953    4384566
1644531417      51426     194889    2542684    4419807
1644531428      49983     196988    2423225    4425810
1644531438      51099     205756    2540962    4598840
1644531448      50700     197549    2544412    4449966
1644531458      50387     197192    2447476    4441000
1644531469      51284     197525    2551841    4464307
1644531479      50213     196912    2550744    4430101
1644531489      50171     194535    2479584    4386544
1644531500      49349     194249    2445466    4367923
1644531510      20680     177618    1009348   15658626
1644531520        220     146681      12131    2496936
1644531531        275     146351      44396    2492060
1644531541        193     143848      12010    2447644
1644531551        199     143587      12401    2444654
1644531561        197     144438      11693    2458466
1644531572        402     144959      17340    2468358
1644531582        225     144383      12683    2457463
1644531592        198     141730      12212    2412414
1644531603        193     142230      12026    2421144
1644531613        197     146123      11851    2487076
1644531623        196     145423      12185    2475031
1644531633        199     154315      12549    2626397
1644531644        422     144787      17606    2465789
1644531654        195     146376      11655    2494083
1644531664        203     147531      12390    2508648
1644531674        191     145935      11759    2483913
1644531685        205     145169      12240    2472836
1644531695        203     143667      12527    2443261
1644531705        216     147474      11558    2510547
1644531715        391     146647      16668    2497110
1644531726        194     144314      11426    2457194
1644531736        203     156162      11891    2657167
1644531746        194     146190      11599    2488162
1644531757        190     148099      11399    2520634
1644531767        862     151004      59099    2582920
1644531778        829     149694      78210    2559901
1644531788        187     141521      11459    2409302
1644531798        387     142109      16786    2419213
1644531808        189     146657      11643    2496031
1644531819       3302     148574      69488    2902096
1644531829        195     142386      12391    2421469
1644531839       8235     156519     294782    8944683
1644531849       5776     160992     203787   14218979
1644531860        194     145487      11858    2476404
1644531870        367     144372      16234    2462501
1644531880        211     146349      12234    2486831
1644531891        189     143002      12335    2433961
1644531901        195     147097      12189    2504244
1644531911        200     152020      12536    2586346
1644531921        196     146983      11343    2502009
1644531932        183     142598      11056    2426744
1644531942        415     156903      16814    2672645
1644531952        188     146875      11281    2499447
1644531962        190     146980      11995    2501480
1644531973        195     144961      12012    2468568
1644531983        195     149128      11402    2536873
1644531993        179     144050      11436    2453133
1644532003        213     145247      12240    2470356
1644532014        388     143320      16724    2441155
1644532024        194     143203      12131    2437000
1644532034        194     142880      11957    2432287
1644532045        190     145994      10758    2485501
1644532055        188     146456      11054    2491475
1644532065        212     146347      11185    2490805
1644532075        192     147044      11341    2502967
1644532086        191     140413      11576    2389822
1644532096        397     147046      16737    2504089
1644532106        193     143292      11818    2440243
1644532116        204     144089      12413    2451052
1644532127        847     146991      58905    2514482
1644532137        250     155948      41873    2653447
1644532147        192     145750      10979    2480768
1644532158        196     145503      11456    2477466
1644532168        387     146466      16521    2493650
1644532178        193     150238      11486    2557939
1644532189        218     142824      12138    2430151
1644532199        199     143929      12295    2451745
1644532209        196     147526      12044    2509572
1644532219        193     144430      12332    2457786
1644532230        200     143670      12235    2445379
1644532240        388     149513      16409    2547528
1644532250        225     151347      12176    2574871
1644532260        196     146181      11683    2487886
1644532271        194     143820      11814    2448212
1644532281        203     147766      11927    2514996
1644532291        190     146451      11607    2493515
1644532302        189     144675      11936    2462473
1644532312        218     144720      12620    2462561
1644532322        409     145109      17619    2471771
1644532332        209     142598      12868    2427350
1644532343        209     144694      13023    2462614
1644532353        192     145626      11594    2478415
1644532363        215     146930      12199    2501059
1644532374        829     146882      58484    2512032
1644532384        738     150257      71281    2567247
1644532395        392     146885      17177    2501535
1644532405        196     141222      11915    2403624
1644532415        193     147218      12201    2505536
1644532425        216     142338      12310    2422592
1644532436        189     145913      10888    2483439
1644532446        197     152026      11243    2588050
1644532456        190     144861      10978    2465180
1644532466        408     149691      16898    2549434
1644532477        196     148522      14725    2527730
1644532487        211     144681      11239    2462612
1644532497        186     144800      11311    2465593
1644532507        188     145045      11641    2467954
1644532518        183     143606      11426    2443714
1644532528        193     143324      11881    2439450
1644532538        191     146724      12199    2499794
1644532549        409     155251      17224    2641129
1644532559        195     146005      12431    2484926
1644532569        187     149775      11218    2549195
1644532579        193     146788      11721    2498860
1644532590        195     144100      11854    2452136
1644532600        186     144379      11075    2457348
1644532610        215     146793      11765    2499572
1644532620        405     144862      17200    2465963
1644532631        186     142929      11071    2432692
1644532641        183     144147      11393    2453472
1644532651        195     147189      11840    2505138
1644532662        183     143685      11552    2445930
1644532672        213     143740      12239    2446602
1644532682        191     141236      11864    2403394
1644532692        383     144017      17042    2452744
1644532703        186     145155      11903    2470861
1644532713        195     147386      11850    2508112
1644532723        188     141906      12084    2415315
1644532734        213     141907      12223    2415316
1644532744        795     161350      56565    2758313
1644532754        234     146822      41825    2498289
1644532765        395     143228      17907    2439436
1644532775        199     149228      12746    2541888
1644532785        220     146713      12311    2495788
1644532795        202     144667      12001    2461531
1644532806        198     147189      11735    2506940
1644532816        198     145648      11532    2477263
1644532826        197     147677      10868    2513981
1644532836        190     141475      11133    2408315
1644532847        431     154260      17184    2626416
1644532857        196     146176      11370    2488041
1644532867        195     146519      11705    2494126
1644532878        199     147753      12381    2514735
1644532888        196     144266      11866    2455895
1644532898        197     144191      12217    2453971
1644532909        214     147935      12256    2518157
1644532919        389     143711      17318    2447442
1644532929        201     145305      12759    2473171
1644532939        198     143409      11832    2441180
1644532950        201     144705      12221    2463757
1644532960        196     142403      12157    2423820
1644532970        219     145826      12279    2481566
1644532981        830     146660      58985    2509097
1644532991       1001     147341      80507    2519948
1644533001        186     146738      10981    2497275
1644533012        201     144781      11465    2464117
1644533022        187     141967      10128    2416344
1644533032        210     144236      10771    2455187
1644533043        190     140935      10913    2399008
1644533053        188     154525      10676    2630058
1644533063        182     145311      10939    2472576
1644533073        391     148136      16364    2525548
1644533084        188     149735      11173    2546839
1644533094        215     145424      11811    2474082
1644533104        213     144002      12416    2451140
1644533114        198     148222      15296    2522728
1644533125        188     144060      11980    2452177
1644533135        194     147179      11899    2504693
1644533145        399     147104      17526    2505299
1644533156        215     143790      12877    2447307
1644533166        194     146808      12468    2498701
1644533176        189     145939      12576    2483807
1644533186        196     143627      12569    2444486
1644533197        184     143563      11764    2444525
1644533207        195     142359      12187    2421962
1644533217        415     147548      16783    2512875
1644533227        187     144604      10790    2460979
1644533238        188     145101      11104    2471398
1644533248        198     155356      11172    2642221
1644533258        189     144679      11503    2462651
1644533269        188     146769      11095    2497918
1644533279        213     144248      11295    2455092
1644533289        382     145298      16236    2474608
1644533299        189     144855      11608    2465503
1644533310        191     143650      11477    2445168
1644533320        186     146449      11238    2492889
1644533330        208     142975      11328    2432784
1644533340        189     145451      11464    2475590
1644533351        193     143309      11815    2439118
1644533361        186     143376      11558    2440303
1644533371        408     143942      17375    2451568
1644533382        267     145707      43128    2481770
1644533392        217     144524      12833    2460302
1644533402        203     142533      13044    2425053
1644533412        201     145083      12792    2468818
1644533423        197     143344      12055    2439889
1644533433        210     141747      12517    2413187
1644533443        385     156233      16105    2660826
1644533453        219     154076      11858    2621438
1644533464        197     147054      11901    2502941
1644533474        193     147580      11707    2511913
1644533484        193     147842      12033    2516615
1644533495        203     143613      12465    2445474
1644533505        196     146108      12293    2485950
1644533515        415     144341      17806    2458841
1644533525        194     144295      12895    2455600
1644533536        191     145002      12700    2467665
1644533546        198     148673      13068    2530786
1644533556        208     148136      13330    2521208
1644533567        200     145181      13240    2471032
1644533577        224     148343      13369    2525310
1644533587        201     148112      12419    2520352
1644533597        414     145263      18106    2474037
1644533608        280     143819      34128    2449098
1644533618        185     144453      10804    2458309
1644533628        187     145543      11168    2477134
1644533639        219     140982      11415    2401246
1644533649        197     144408      11431    2456057
1644533659        188     145638      10132    2478714
1644533669        406     143736      15421    2448074
1644533680        186     143243      10293    2438075
1644533690        209     144715      10885    2463031
1644533700        187     143401      10503    2440800
1644533710        190     145837      10845    2482106
1644533721        186     144497      11132    2459365
1644533731        190     142411      11010    2424460
1644533741        384     145109      16321    2470806
1644533752        213     157389      11449    2678692
1644533762        209     140903      12595    2398545
1644533772        201     144746      15467    2463821
1644533782        187     146503      11631    2493205
1644533793        191     147095      12032    2503546
1644533803        187     141722      11803    2413554
1644533813        214     146529      11979    2493774
1644533824        386     147081      16946    2503506
1644533834        189     142727      12323    2429246
1644533844        185     146421      12116    2492086
1644533854        207     143122      12674    2436554
1644533865        196     145298      12692    2472616
1644533875        213     152082      11998    2588074
1644533885        197     147117      12051    2505323
1644533895        399     144801      16630    2464724
1644533906        186     147303      11091    2507550
1644533916        197     145288      11562    2472542
1644533926        191     145624      11275    2478237
1644533936        216     146009      11428    2484979
1644533947        192     142914      11486    2432442
1644533957        191     142973      11273    2433376
1644533967        381     142824      16024    2432868
1644533977        195     146050      10987    2487978
1644533988        189     144199      11250    2451633
1644533998        216     143941      11465    2449867
1644534008        186     144659      10921    2462142
1644534018        187     140618      11235    2393405
1644534029        196     146390      11659    2494625
1644534039        373     145460      16262    2474177
1644534049        185     140204      11724    2387173
1644534060        213     146415      12394    2492972
1644534070        274     152283      42922    2592291
1644534080        202     154495      12804    2627687
1644534090        198     143301      11570    2439130
1644534101        190     147214      11831    2505878
1644534111        222     147905      12527    2517172
1644534121        411     143742      17523    2448391
1644534132        202     143814      12478    2448481
1644534142        199     145640      12286    2478139
1644534152        198     145862      12065    2482684
1644534162        197     144646      12498    2462034
1644534173        225     145326      13265    2473646
1644534183        198     146147      12583    2487518
1644534193        386     145405      16748    2476449
1644534203        190     141708      11629    2413812
1644534214        198     143330      12049    2437927
1644534224        196     143151      12339    2437426
1644534234        218     145308      12468    2472396
1644534245        198     141647      12620    2411273
1644534255        200     146795      12881    2500941
1644534265        392     146949      17684    2501285
1644534275        202     150789      12589    2565099
1644534286        200     149645      12399    2547455
1644534296        226     145409      13022    2474851
1644534306       2036     149798      46435    2919483
