TIME                CPU1  Core0  Core1  Core2  Core3  Core4  Core5  Core8  Core9 Core10 Core11 Core12 Core13 Core16 Core17 Core18 Core19 Core20 Core21 Core24 Core25 Core26 Core27 Core28 Core29
1669072351         43000  41000  42000  41000  40000  40000  40000  39000  40000  41000  42000  42000  39000  41000  42000  42000  43000  42000  41000  39000  40000  41000  41000  41000  38000 
1669072361         41000  40000  40000  40000  39000  41000  41000  38000  39000  40000  41000  40000  38000  40000  40000  41000  42000  40000  40000  38000  39000  40000  40000  40000  37000 
1669072371         41000  39000  39000  39000  38000  37000  39000  37000  38000  40000  40000  39000  37000  39000  40000  40000  41000  39000  39000  37000  38000  39000  39000  39000  36000 
1669072382         40000  38000  38000  38000  38000  37000  38000  36000  37000  38000  39000  38000  36000  38000  39000  39000  40000  39000  39000  36000  37000  37000  38000  38000  35000 
1669072392         39000  38000  38000  38000  37000  36000  39000  37000  37000  37000  39000  38000  35000  37000  38000  38000  39000  38000  38000  36000  36000  37000  37000  37000  35000 
1669072402         39000  38000  38000  38000  37000  36000  37000  36000  37000  38000  39000  38000  35000  37000  38000  38000  39000  39000  38000  35000  36000  37000  37000  37000  35000 
1669072412         39000  37000  38000  38000  37000  36000  37000  35000  37000  37000  38000  37000  34000  37000  38000  38000  39000  38000  38000  35000  36000  37000  38000  37000  34000 
1669072423         39000  37000  37000  37000  37000  37000  38000  35000  36000  37000  38000  37000  34000  37000  38000  38000  38000  38000  37000  35000  36000  36000  37000  37000  34000 
1669072433         38000  37000  37000  37000  37000  35000  38000  35000  36000  37000  38000  37000  34000  36000  37000  38000  38000  37000  37000  35000  36000  36000  37000  36000  34000 
1669072443         38000  37000  37000  37000  36000  35000  38000  35000  35000  37000  37000  37000  34000  36000  37000  37000  38000  37000  37000  34000  35000  36000  36000  36000  34000 
1669072454         38000  37000  37000  37000  36000  35000  38000  34000  36000  37000  37000  37000  34000  36000  37000  37000  38000  37000  37000  34000  35000  36000  36000  36000  33000 
1669072464         38000  37000  37000  37000  35000  36000  37000  34000  36000  37000  38000  36000  34000  36000  37000  37000  38000  37000  37000  34000  35000  36000  37000  36000  34000 
1669072474         38000  36000  37000  36000  36000  35000  37000  34000  35000  36000  38000  36000  33000  36000  37000  37000  38000  37000  36000  34000  35000  36000  37000  36000  33000 
1669072484         38000  36000  36000  36000  36000  35000  36000  35000  35000  36000  37000  36000  33000  36000  37000  37000  38000  37000  36000  34000  35000  35000  36000  36000  33000 
1669072495         38000  36000  37000  36000  35000  36000  37000  34000  35000  36000  37000  36000  33000  36000  37000  37000  38000  37000  36000  34000  35000  35000  36000  35000  33000 
1669072505         37000  36000  36000  37000  36000  36000  37000  34000  35000  36000  37000  36000  33000  36000  36000  37000  37000  36000  36000  34000  33000  35000  36000  36000  33000 
1669072515         38000  36000  36000  36000  35000  35000  36000  33000  35000  36000  37000  36000  33000  35000  36000  37000  37000  36000  36000  34000  34000  35000  36000  35000  33000 
1669072525         37000  36000  36000  36000  35000  34000  36000  33000  34000  36000  37000  36000  32000  35000  36000  37000  37000  36000  36000  33000  33000  34000  35000  36000  32000 
1669072536         37000  35000  35000  36000  35000  34000  36000  33000  34000  36000  37000  36000  32000  35000  36000  36000  37000  36000  36000  33000  33000  34000  35000  35000  32000 
1669072546         37000  35000  36000  35000  36000  34000  37000  32000  34000  35000  36000  35000  33000  35000  36000  36000  37000  36000  36000  32000  33000  34000  35000  35000  33000 
1669072556         36000  35000  35000  35000  34000  33000  36000  34000  33000  34000  35000  34000  32000  34000  35000  35000  36000  35000  35000  32000  32000  33000  34000  35000  32000 
1669072567         36000  35000  35000  35000  34000  34000  36000  31000  33000  34000  35000  34000  32000  34000  35000  35000  36000  35000  35000  31000  32000  33000  34000  34000  32000 
1669072577         35000  34000  34000  34000  33000  32000  34000  31000  32000  33000  34000  33000  31000  33000  34000  35000  36000  34000  34000  31000  31000  32000  34000  33000  31000 
1669072587         35000  34000  34000  34000  33000  33000  35000  32000  32000  33000  34000  33000  31000  33000  34000  34000  35000  34000  34000  31000  31000  32000  33000  33000  31000 
1669072597         35000  34000  34000  34000  33000  32000  34000  32000  32000  33000  34000  32000  31000  33000  34000  34000  35000  33000  34000  31000  31000  32000  33000  32000  30000 
1669072608         36000  34000  34000  34000  33000  34000  36000  31000  32000  32000  34000  33000  30000  33000  34000  34000  35000  34000  34000  30000  31000  32000  33000  32000  30000 
1669072618         34000  34000  34000  34000  32000  32000  34000  31000  32000  33000  34000  32000  30000  33000  33000  34000  35000  33000  34000  30000  31000  31000  33000  32000  30000 
1669072628         34000  33000  33000  34000  32000  31000  33000  32000  31000  32000  34000  32000  30000  33000  33000  34000  34000  33000  34000  31000  31000  32000  33000  32000  30000 
1669072638         35000  33000  33000  33000  32000  31000  35000  32000  31000  33000  33000  32000  30000  32000  33000  34000  34000  33000  33000  30000  31000  31000  33000  32000  30000 
1669072649         36000  34000  34000  34000  34000  32000  33000  33000  32000  34000  35000  33000  31000  34000  34000  34000  36000  34000  35000  32000  32000  33000  33000  33000  32000 
1669072659         36000  34000  34000  34000  34000  32000  35000  33000  33000  34000  35000  34000  31000  34000  34000  35000  36000  35000  35000  32000  33000  34000  34000  33000  31000 
1669072669         36000  34000  34000  34000  34000  32000  35000  34000  33000  34000  35000  33000  31000  34000  35000  35000  35000  35000  35000  33000  33000  34000  34000  33000  31000 
1669072679         36000  34000  35000  35000  35000  33000  35000  32000  33000  34000  35000  34000  31000  34000  35000  35000  36000  35000  35000  32000  33000  33000  34000  33000  31000 
1669072690         36000  34000  34000  35000  35000  33000  36000  32000  33000  34000  35000  33000  31000  33000  35000  35000  36000  35000  35000  32000  33000  33000  34000  33000  31000 
1669072700         36000  34000  34000  35000  35000  33000  36000  32000  32000  34000  35000  33000  31000  34000  35000  35000  36000  35000  34000  32000  33000  33000  34000  33000  31000 
1669072710         36000  34000  34000  35000  33000  33000  35000  32000  33000  34000  35000  33000  31000  33000  35000  35000  36000  35000  35000  32000  33000  33000  34000  33000  31000 
1669072721         36000  34000  34000  34000  35000  33000  36000  32000  33000  34000  35000  33000  31000  34000  35000  35000  36000  35000  35000  32000  33000  33000  34000  33000  31000 
1669072731         36000  34000  34000  35000  33000  33000  36000  34000  32000  34000  35000  33000  31000  34000  34000  35000  35000  35000  34000  32000  33000  33000  34000  33000  31000 
1669072741         36000  34000  35000  35000  34000  34000  36000  32000  33000  34000  35000  33000  31000  33000  35000  35000  36000  35000  34000  32000  33000  33000  34000  33000  31000 
1669072751         35000  34000  34000  34000  33000  32000  34000  32000  33000  34000  35000  33000  31000  34000  35000  35000  36000  34000  34000  32000  33000  33000  34000  33000  31000 
1669072762         36000  34000  34000  34000  35000  33000  36000  32000  32000  34000  35000  33000  31000  33000  34000  35000  36000  34000  35000  32000  33000  33000  34000  33000  31000 
1669072772         36000  34000  34000  34000  35000  33000  35000  32000  33000  34000  35000  33000  31000  33000  35000  35000  36000  35000  34000  32000  33000  33000  34000  33000  31000 
1669072782         36000  34000  34000  35000  34000  32000  36000  32000  32000  34000  35000  33000  31000  34000  34000  35000  36000  34000  34000  32000  33000  34000  34000  33000  31000 
1669072792         36000  34000  34000  34000  34000  33000  35000  33000  33000  34000  34000  33000  31000  34000  35000  35000  36000  35000  34000  33000  33000  33000  34000  33000  31000 
1669072803         35000  34000  34000  35000  33000  32000  34000  31000  32000  34000  35000  33000  31000  33000  35000  35000  36000  35000  35000  32000  32000  33000  34000  33000  31000 
1669072813         36000  34000  35000  35000  33000  32000  35000  31000  32000  34000  35000  33000  31000  33000  35000  35000  35000  34000  35000  32000  31000  32000  34000  33000  31000 
1669072823         36000  34000  34000  34000  33000  32000  36000  33000  32000  34000  35000  33000  31000  33000  34000  35000  36000  34000  34000  32000  31000  32000  33000  33000  31000 
1669072833         35000  34000  34000  34000  33000  32000  35000  32000  32000  33000  34000  33000  31000  33000  34000  35000  35000  34000  34000  32000  31000  32000  34000  33000  31000 
1669072844         35000  34000  34000  34000  33000  32000  35000  31000  31000  33000  33000  33000  30000  33000  33000  34000  34000  34000  34000  31000  31000  32000  33000  32000  30000 
1669072854         35000  33000  34000  34000  32000  32000  33000  31000  31000  33000  33000  32000  30000  33000  33000  34000  34000  34000  34000  31000  31000  32000  33000  32000  30000 
1669072864         34000  33000  33000  33000  33000  31000  33000  31000  31000  33000  33000  32000  30000  33000  34000  34000  34000  34000  34000  31000  31000  32000  32000  32000  30000 
1669072875         34000  34000  33000  33000  32000  32000  34000  31000  31000  33000  33000  32000  30000  32000  33000  34000  34000  33000  33000  31000  31000  31000  33000  32000  30000 
1669072885         35000  33000  33000  33000  32000  32000  35000  33000  31000  32000  33000  32000  29000  32000  33000  34000  34000  33000  33000  31000  31000  32000  32000  32000  30000 
1669072895         34000  33000  33000  33000  32000  31000  34000  32000  31000  32000  32000  31000  30000  32000  33000  33000  34000  33000  33000  31000  31000  32000  33000  31000  30000 
1669072905         35000  33000  33000  33000  32000  33000  35000  30000  31000  32000  33000  31000  30000  32000  33000  33000  34000  32000  33000  31000  30000  32000  32000  31000  30000 
1669072916         34000  33000  33000  33000  32000  33000  35000  30000  31000  32000  32000  31000  30000  32000  33000  33000  34000  33000  33000  31000  30000  31000  32000  32000  30000 
1669072926         34000  33000  33000  34000  33000  31000  34000  30000  31000  32000  33000  32000  29000  32000  33000  34000  34000  32000  33000  31000  31000  32000  32000  31000  30000 
1669072936         35000  33000  33000  34000  32000  31000  34000  30000  31000  32000  33000  31000  29000  32000  33000  33000  34000  32000  33000  30000  30000  31000  33000  31000  30000 
1669072946         34000  33000  34000  34000  33000  32000  33000  32000  32000  33000  34000  33000  31000  33000  34000  34000  35000  34000  34000  31000  32000  33000  33000  32000  30000 
1669072957         34000  33000  34000  33000  32000  32000  33000  31000  32000  33000  34000  33000  31000  33000  34000  34000  34000  33000  33000  31000  32000  33000  33000  32000  30000 
1669072967         35000  34000  34000  34000  33000  32000  34000  32000  33000  34000  35000  34000  31000  33000  34000  35000  35000  33000  34000  32000  33000  33000  33000  33000  31000 
1669072977         36000  34000  34000  34000  34000  33000  34000  32000  34000  34000  35000  34000  32000  34000  35000  35000  35000  34000  34000  32000  33000  33000  35000  33000  31000 
1669072988         36000  35000  34000  35000  33000  33000  34000  32000  33000  35000  35000  34000  32000  34000  35000  35000  36000  34000  35000  32000  34000  34000  34000  34000  32000 
1669072998         36000  35000  34000  35000  34000  33000  34000  32000  33000  35000  35000  34000  32000  34000  35000  35000  36000  34000  34000  33000  33000  34000  34000  34000  31000 
1669073008         36000  34000  34000  35000  34000  33000  34000  32000  34000  35000  35000  35000  32000  35000  35000  35000  36000  34000  34000  33000  34000  34000  34000  33000  31000 
1669073018         36000  34000  34000  35000  34000  33000  34000  32000  34000  34000  36000  34000  32000  34000  35000  35000  36000  34000  35000  32000  34000  34000  34000  34000  32000 
1669073029         37000  35000  35000  36000  38000  34000  32000  33000  33000  34000  35000  34000  31000  35000  35000  36000  36000  35000  35000  33000  32000  34000  35000  33000  31000 
1669073039         38000  34000  34000  36000  38000  33000  32000  32000  32000  33000  34000  33000  31000  33000  34000  35000  35000  34000  34000  32000  32000  32000  33000  32000  30000 
1669073049         37000  34000  34000  35000  37000  33000  31000  31000  32000  33000  33000  33000  31000  33000  34000  34000  35000  34000  34000  32000  31000  32000  33000  32000  30000 
1669073059         37000  33000  34000  35000  37000  33000  31000  31000  32000  33000  34000  33000  30000  33000  34000  34000  35000  33000  33000  31000  31000  32000  33000  32000  30000 
1669073070         43000  33000  33000  33000  33000  43000  32000  31000  31000  33000  33000  32000  30000  33000  33000  33000  34000  33000  34000  31000  31000  32000  34000  32000  30000 
1669073080         45000  33000  34000  33000  33000  45000  34000  31000  32000  33000  34000  33000  30000  33000  34000  34000  35000  33000  34000  32000  31000  33000  34000  33000  31000 
1669073090         37000  33000  33000  35000  37000  33000  31000  31000  32000  33000  34000  32000  30000  33000  33000  34000  35000  33000  34000  32000  31000  32000  33000  32000  30000 
1669073100         35000  33000  33000  35000  35000  31000  31000  35000  31000  33000  33000  32000  30000  33000  33000  34000  34000  33000  33000  32000  31000  32000  33000  32000  30000 
1669073111         35000  33000  34000  34000  35000  32000  31000  32000  31000  33000  33000  32000  30000  33000  33000  34000  34000  33000  33000  32000  31000  32000  33000  31000  30000 
1669073121         35000  33000  32000  34000  34000  30000  30000  36000  31000  33000  33000  32000  30000  33000  33000  34000  34000  33000  33000  31000  30000  31000  33000  31000  30000 
1669073131         34000  33000  33000  33000  32000  31000  33000  30000  31000  32000  33000  31000  30000  32000  33000  33000  34000  32000  33000  30000  30000  31000  32000  31000  30000 
1669073141         34000  33000  33000  33000  32000  31000  33000  30000  30000  32000  32000  31000  30000  32000  33000  33000  34000  32000  33000  29000  30000  31000  32000  31000  30000 
1669073152         34000  33000  33000  33000  33000  31000  34000  30000  30000  32000  33000  31000  29000  32000  33000  33000  34000  33000  33000  30000  30000  31000  32000  31000  30000 
1669073162         33000  33000  33000  33000  32000  31000  33000  29000  30000  32000  32000  31000  29000  31000  33000  33000  33000  32000  33000  30000  30000  30000  32000  31000  30000 
1669073172         33000  33000  33000  33000  31000  31000  32000  30000  30000  32000  32000  31000  29000  32000  32000  33000  34000  32000  33000  29000  30000  30000  32000  31000  30000 
1669073183         33000  33000  32000  32000  31000  31000  33000  29000  30000  31000  32000  31000  29000  31000  32000  33000  33000  32000  33000  29000  29000  30000  32000  31000  30000 
1669073193         33000  33000  33000  33000  32000  31000  33000  29000  30000  32000  32000  31000  29000  31000  32000  33000  33000  32000  33000  29000  30000  31000  32000  31000  30000 
1669073203         34000  32000  32000  32000  31000  31000  34000  32000  30000  32000  32000  31000  29000  32000  33000  33000  33000  32000  33000  30000  29000  30000  32000  31000  30000 
1669073213         33000  32000  32000  33000  31000  30000  33000  29000  30000  31000  32000  31000  29000  31000  32000  33000  33000  32000  33000  29000  29000  30000  32000  31000  29000 
1669073224         33000  32000  33000  32000  32000  31000  33000  29000  30000  31000  32000  31000  29000  32000  32000  32000  33000  32000  33000  29000  30000  30000  32000  31000  30000 
1669073234         34000  32000  33000  33000  33000  31000  34000  30000  30000  32000  32000  31000  29000  31000  32000  32000  33000  32000  33000  29000  30000  30000  32000  31000  30000 
1669073244         34000  33000  33000  33000  32000  31000  32000  31000  31000  33000  33000  33000  30000  33000  33000  33000  34000  33000  33000  31000  31000  32000  33000  32000  30000 
1669073254         35000  33000  33000  33000  32000  32000  34000  30000  32000  33000  34000  33000  30000  32000  34000  33000  35000  33000  33000  30000  32000  33000  33000  32000  30000 
1669073265         35000  33000  34000  33000  32000  33000  35000  30000  32000  33000  34000  33000  30000  32000  33000  34000  35000  33000  33000  30000  32000  32000  33000  32000  30000 
1669073275         35000  34000  33000  34000  33000  32000  35000  30000  32000  33000  34000  34000  30000  32000  34000  34000  35000  33000  33000  30000  32000  32000  33000  32000  30000 
1669073285         35000  33000  33000  33000  33000  31000  35000  32000  31000  33000  34000  33000  30000  33000  33000  34000  35000  34000  33000  31000  32000  32000  33000  32000  30000 
1669073296         35000  33000  33000  34000  33000  32000  34000  31000  32000  33000  34000  33000  30000  33000  34000  34000  35000  33000  34000  30000  32000  32000  33000  32000  30000 
1669073306         35000  33000  34000  35000  33000  32000  35000  30000  32000  33000  35000  33000  30000  33000  34000  34000  35000  33000  34000  30000  32000  32000  33000  32000  30000 
1669073316         35000  33000  34000  34000  33000  32000  34000  31000  32000  33000  35000  33000  30000  33000  34000  34000  35000  34000  34000  30000  32000  32000  33000  33000  30000 
1669073326         35000  34000  34000  34000  33000  32000  34000  31000  32000  33000  34000  34000  30000  33000  34000  34000  35000  34000  34000  31000  32000  32000  33000  33000  30000 
1669073337         35000  33000  34000  34000  33000  34000  36000  31000  32000  34000  34000  33000  30000  33000  34000  34000  35000  33000  34000  31000  32000  32000  34000  33000  30000 
1669073347         35000  33000  34000  35000  33000  32000  36000  31000  32000  33000  35000  33000  30000  33000  34000  34000  35000  34000  34000  30000  32000  32000  33000  33000  30000 
1669073357         35000  33000  33000  34000  33000  34000  35000  31000  32000  34000  35000  34000  30000  33000  34000  34000  35000  34000  34000  30000  32000  32000  34000  33000  30000 
1669073367         35000  33000  34000  34000  33000  32000  34000  31000  32000  34000  34000  33000  30000  33000  34000  34000  35000  33000  34000  30000  32000  32000  34000  33000  30000 
1669073378         35000  34000  34000  34000  33000  32000  35000  33000  32000  34000  35000  34000  31000  33000  34000  34000  35000  33000  34000  31000  32000  32000  33000  32000  30000 
1669073388         35000  33000  34000  34000  33000  32000  34000  31000  32000  34000  35000  33000  31000  33000  34000  34000  35000  33000  34000  30000  32000  33000  33000  32000  30000 
1669073398         36000  33000  34000  34000  33000  32000  34000  31000  32000  33000  35000  34000  31000  33000  34000  34000  35000  33000  34000  30000  33000  32000  33000  32000  30000 
1669073409         35000  33000  34000  34000  32000  32000  34000  31000  32000  33000  35000  34000  30000  33000  34000  34000  35000  34000  34000  31000  32000  33000  33000  33000  30000 
1669073419         35000  33000  34000  34000  33000  32000  34000  31000  32000  34000  35000  34000  31000  33000  34000  34000  35000  33000  34000  30000  32000  32000  33000  33000  30000 
1669073429         36000  34000  34000  34000  33000  32000  34000  31000  32000  34000  34000  34000  31000  33000  34000  34000  35000  33000  34000  31000  32000  32000  33000  33000  30000 
1669073439         35000  33000  33000  34000  33000  32000  36000  33000  32000  34000  35000  34000  30000  33000  34000  34000  35000  33000  34000  31000  32000  32000  33000  33000  30000 
1669073450         35000  34000  34000  34000  33000  32000  35000  33000  32000  34000  34000  34000  30000  33000  34000  35000  35000  33000  34000  32000  32000  32000  33000  33000  30000 
1669073460         35000  33000  34000  34000  33000  32000  34000  31000  32000  33000  34000  34000  31000  33000  34000  34000  35000  33000  34000  30000  31000  32000  33000  33000  30000 
1669073470         35000  33000  34000  34000  32000  31000  34000  31000  32000  33000  34000  33000  31000  32000  34000  34000  35000  33000  34000  30000  31000  32000  33000  32000  30000 
1669073480         35000  33000  33000  34000  34000  32000  35000  31000  32000  33000  34000  33000  30000  32000  34000  34000  35000  34000  34000  30000  31000  32000  33000  32000  30000 
1669073491         35000  33000  33000  34000  33000  32000  35000  33000  32000  33000  34000  33000  30000  32000  34000  34000  35000  33000  34000  30000  31000  32000  33000  32000  30000 
1669073501         35000  33000  34000  34000  32000  32000  33000  31000  32000  33000  34000  33000  30000  32000  33000  34000  35000  33000  34000  30000  30000  32000  33000  33000  30000 
1669073511         35000  34000  34000  33000  32000  32000  34000  31000  32000  33000  34000  33000  31000  32000  34000  34000  35000  33000  34000  30000  30000  32000  33000  33000  30000 
1669073522         35000  33000  33000  33000  32000  32000  34000  31000  31000  33000  34000  33000  30000  33000  33000  34000  35000  33000  33000  30000  30000  31000  33000  32000  30000 
1669073532         35000  33000  33000  33000  33000  32000  34000  30000  31000  33000  34000  33000  30000  32000  33000  34000  35000  33000  33000  30000  30000  32000  33000  32000  30000 
1669073542         35000  33000  33000  33000  32000  31000  35000  32000  31000  32000  34000  33000  30000  32000  33000  33000  34000  33000  33000  30000  30000  31000  33000  32000  30000 
1669073552         36000  34000  34000  34000  33000  32000  34000  32000  33000  34000  35000  33000  31000  34000  34000  35000  36000  34000  35000  31000  33000  33000  34000  33000  31000 
1669073563         36000  34000  34000  35000  34000  33000  34000  33000  33000  34000  35000  34000  31000  34000  35000  35000  36000  34000  34000  32000  33000  34000  34000  33000  31000 
1669073573         36000  34000  35000  34000  33000  33000  34000  33000  33000  34000  35000  34000  31000  35000  35000  35000  36000  34000  34000  32000  33000  34000  34000  33000  31000 
1669073583         36000  34000  34000  35000  34000  33000  36000  33000  33000  35000  35000  34000  31000  34000  35000  35000  36000  34000  35000  32000  33000  33000  34000  33000  31000 
1669073593         36000  34000  34000  34000  35000  33000  36000  32000  33000  34000  35000  33000  31000  34000  35000  35000  36000  34000  34000  31000  33000  33000  34000  33000  31000 
1669073604         35000  34000  34000  34000  32000  32000  34000  31000  32000  33000  35000  32000  31000  33000  34000  34000  35000  34000  34000  31000  33000  32000  34000  32000  31000 
1669073614         35000  34000  33000  34000  33000  32000  35000  33000  32000  33000  34000  33000  30000  33000  34000  34000  35000  33000  34000  31000  32000  32000  33000  32000  30000 
1669073624         35000  34000  34000  34000  33000  32000  35000  31000  32000  33000  34000  32000  32000  33000  34000  34000  35000  33000  34000  31000  32000  32000  33000  32000  31000 
1669073635         35000  34000  33000  34000  33000  32000  34000  31000  31000  33000  34000  32000  30000  33000  34000  34000  35000  33000  34000  30000  32000  32000  33000  32000  30000 
1669073645         35000  33000  34000  34000  32000  33000  35000  31000  31000  33000  34000  32000  30000  32000  34000  33000  35000  33000  33000  30000  32000  32000  33000  32000  30000 
1669073655         34000  33000  34000  33000  33000  32000  34000  31000  32000  32000  33000  32000  30000  32000  34000  33000  34000  33000  33000  30000  32000  32000  33000  32000  30000 
1669073665         35000  33000  33000  33000  32000  31000  34000  30000  31000  33000  34000  32000  30000  32000  33000  33000  34000  33000  33000  30000  32000  32000  33000  32000  30000 
1669073676         35000  33000  34000  33000  32000  31000  34000  31000  31000  32000  33000  32000  29000  33000  33000  34000  35000  33000  33000  30000  32000  32000  33000  31000  30000 
1669073686         35000  33000  33000  33000  33000  33000  35000  30000  31000  32000  33000  32000  30000  32000  33000  33000  34000  33000  33000  30000  32000  32000  33000  32000  30000 
1669073696         35000  33000  33000  33000  34000  32000  35000  31000  32000  33000  33000  32000  30000  32000  33000  34000  34000  33000  33000  30000  31000  32000  33000  32000  30000 
1669073706         35000  33000  33000  34000  32000  32000  35000  31000  32000  33000  34000  32000  30000  32000  33000  34000  35000  33000  33000  30000  32000  32000  33000  32000  30000 
1669073717         34000  33000  33000  33000  32000  32000  34000  30000  31000  33000  33000  32000  30000  32000  33000  33000  35000  33000  33000  30000  32000  32000  32000  32000  30000 
1669073727         34000  33000  33000  33000  32000  32000  33000  30000  31000  32000  33000  32000  30000  32000  33000  33000  35000  33000  33000  30000  32000  32000  33000  32000  30000 
1669073737         34000  33000  33000  33000  32000  31000  35000  32000  31000  32000  33000  32000  29000  32000  33000  34000  34000  33000  33000  30000  32000  32000  32000  31000  30000 
1669073748         34000  33000  33000  33000  32000  32000  33000  31000  31000  32000  33000  32000  30000  32000  33000  33000  34000  33000  33000  30000  32000  31000  32000  31000  30000 
1669073758         34000  33000  33000  33000  32000  31000  33000  30000  31000  32000  33000  32000  29000  32000  33000  34000  34000  33000  33000  29000  30000  31000  33000  31000  30000 
1669073768         34000  33000  33000  33000  32000  31000  33000  30000  31000  32000  33000  31000  30000  32000  33000  33000  34000  33000  33000  30000  30000  31000  32000  32000  30000 
1669073778         34000  33000  33000  33000  32000  32000  35000  32000  30000  33000  33000  32000  29000  32000  33000  33000  34000  33000  33000  30000  30000  31000  32000  31000  30000 
1669073789         34000  33000  33000  33000  32000  33000  34000  30000  31000  32000  33000  32000  30000  32000  33000  33000  34000  33000  33000  30000  30000  31000  33000  31000  30000 
1669073799         35000  33000  33000  33000  32000  31000  35000  30000  31000  32000  33000  31000  29000  32000  33000  33000  34000  32000  33000  30000  30000  31000  32000  31000  30000 
1669073809         34000  32000  32000  33000  32000  31000  34000  32000  30000  32000  33000  31000  30000  32000  33000  33000  34000  32000  33000  30000  30000  31000  32000  31000  30000 
1669073819         34000  34000  33000  33000  32000  33000  34000  30000  30000  32000  33000  32000  29000  31000  33000  33000  34000  32000  33000  29000  30000  31000  32000  31000  30000 
1669073830         34000  33000  33000  33000  32000  31000  33000  30000  31000  32000  33000  32000  29000  31000  32000  33000  34000  32000  33000  29000  30000  31000  32000  31000  30000 
1669073840         34000  33000  32000  33000  32000  31000  34000  30000  30000  32000  33000  31000  29000  31000  32000  33000  33000  32000  33000  30000  30000  30000  31000  31000  30000 
1669073850         35000  34000  34000  33000  33000  34000  34000  31000  32000  34000  34000  33000  30000  33000  34000  34000  35000  34000  34000  31000  32000  33000  33000  32000  30000 
1669073860         35000  34000  34000  34000  33000  32000  35000  31000  32000  34000  34000  34000  31000  33000  34000  34000  35000  33000  34000  30000  32000  33000  33000  33000  30000 
1669073871         35000  34000  33000  34000  33000  32000  34000  31000  32000  34000  34000  34000  30000  33000  34000  34000  35000  33000  33000  31000  33000  33000  34000  33000  30000 
1669073881         35000  33000  34000  33000  33000  32000  33000  31000  32000  34000  34000  34000  31000  33000  34000  34000  35000  34000  34000  30000  32000  32000  33000  33000  30000 
1669073891         35000  33000  34000  34000  33000  33000  35000  31000  32000  34000  34000  34000  31000  33000  34000  34000  35000  33000  34000  30000  32000  32000  34000  33000  30000 
1669073902         35000  34000  33000  33000  33000  32000  34000  31000  32000  34000  34000  34000  31000  33000  34000  34000  35000  33000  34000  30000  32000  32000  34000  32000  30000 
1669073912         35000  33000  33000  34000  33000  32000  34000  31000  32000  34000  35000  34000  30000  33000  34000  34000  35000  34000  34000  30000  32000  32000  33000  32000  30000 
1669073922         35000  33000  34000  34000  32000  32000  34000  31000  32000  34000  34000  34000  30000  33000  34000  34000  35000  34000  33000  30000  32000  32000  33000  32000  30000 
1669073932         35000  33000  34000  33000  33000  32000  33000  31000  32000  33000  34000  33000  31000  33000  34000  34000  35000  34000  34000  30000  32000  33000  33000  32000  30000 
1669073943         35000  33000  33000  35000  33000  32000  35000  31000  32000  33000  34000  34000  30000  33000  34000  34000  35000  34000  34000  30000  32000  32000  33000  32000  30000 
1669073953         35000  34000  34000  34000  32000  32000  34000  31000  32000  34000  34000  34000  30000  33000  34000  34000  35000  33000  33000  30000  32000  32000  33000  32000  30000 
1669073963         35000  34000  35000  34000  33000  32000  36000  31000  32000  34000  34000  34000  30000  33000  34000  34000  35000  33000  34000  31000  32000  32000  34000  33000  30000 
1669073973         36000  33000  33000  35000  33000  32000  35000  31000  32000  34000  34000  34000  31000  33000  34000  34000  35000  33000  34000  30000  32000  33000  34000  33000  30000 
1669073984         35000  33000  33000  34000  34000  32000  35000  31000  32000  34000  34000  33000  31000  33000  34000  34000  35000  34000  34000  30000  32000  32000  33000  32000  30000 
1669073994         35000  34000  34000  33000  33000  34000  35000  31000  32000  34000  34000  33000  30000  33000  34000  34000  35000  33000  34000  30000  32000  32000  34000  33000  30000 
1669074004         35000  34000  34000  33000  33000  33000  35000  32000  32000  34000  35000  34000  30000  33000  34000  34000  35000  34000  34000  31000  32000  32000  33000  33000  30000 
1669074015         35000  33000  33000  34000  33000  32000  34000  31000  32000  34000  34000  34000  30000  32000  34000  34000  35000  33000  34000  31000  32000  32000  34000  32000  30000 
1669074025         35000  34000  34000  34000  33000  32000  34000  31000  32000  34000  34000  34000  30000  33000  34000  35000  35000  33000  34000  30000  32000  32000  33000  32000  30000 
1669074035         35000  33000  34000  34000  33000  32000  36000  33000  32000  33000  34000  34000  30000  33000  34000  34000  35000  34000  34000  31000  32000  32000  33000  33000  30000 
1669074045         35000  33000  34000  33000  32000  32000  35000  33000  32000  34000  34000  34000  30000  33000  33000  34000  35000  34000  34000  31000  32000  32000  33000  32000  31000 
1669074056         35000  33000  34000  34000  33000  32000  36000  30000  32000  34000  34000  33000  30000  32000  34000  34000  35000  33000  33000  30000  30000  32000  33000  32000  30000 
1669074066         35000  33000  33000  33000  32000  32000  34000  30000  32000  34000  34000  34000  30000  33000  34000  34000  35000  33000  34000  30000  31000  32000  33000  32000  30000 
1669074076         35000  33000  34000  33000  33000  33000  35000  32000  32000  33000  34000  34000  30000  33000  34000  34000  35000  33000  33000  30000  30000  32000  33000  32000  31000 
1669074086         35000  33000  33000  33000  32000  31000  34000  30000  32000  33000  34000  33000  30000  33000  33000  34000  35000  33000  33000  30000  30000  32000  33000  32000  30000 
1669074097         35000  33000  34000  33000  33000  32000  35000  30000  32000  33000  34000  33000  30000  33000  33000  34000  35000  33000  33000  30000  30000  32000  33000  32000  31000 
1669074107         35000  33000  33000  34000  34000  32000  35000  31000  32000  33000  34000  33000  30000  32000  34000  34000  35000  34000  33000  30000  30000  32000  33000  32000  31000 
1669074117         35000  33000  33000  34000  33000  32000  35000  30000  32000  33000  34000  34000  30000  32000  34000  34000  35000  33000  33000  30000  30000  32000  33000  32000  30000 
1669074127         35000  33000  33000  33000  34000  32000  35000  30000  31000  33000  34000  33000  30000  32000  33000  34000  35000  33000  34000  30000  30000  32000  33000  32000  30000 
1669074138         34000  33000  33000  33000  33000  32000  33000  31000  32000  33000  34000  33000  31000  32000  33000  34000  35000  33000  33000  30000  30000  31000  33000  32000  30000 
1669074148         35000  34000  34000  34000  33000  32000  33000  32000  32000  33000  35000  34000  32000  34000  34000  34000  35000  34000  34000  32000  32000  33000  33000  33000  31000 
1669074158         35000  34000  34000  34000  33000  34000  35000  32000  32000  34000  34000  33000  31000  33000  34000  34000  35000  34000  34000  31000  32000  33000  34000  33000  31000 
1669074169         35000  34000  34000  34000  33000  33000  34000  33000  33000  34000  35000  34000  31000  34000  35000  35000  36000  34000  34000  32000  33000  34000  34000  33000  32000 
1669074179         35000  34000  34000  34000  33000  32000  34000  32000  32000  34000  35000  34000  31000  33000  34000  35000  36000  34000  34000  31000  33000  33000  33000  33000  31000 
1669074189         36000  34000  34000  34000  33000  34000  35000  32000  33000  34000  35000  34000  31000  33000  34000  35000  36000  34000  34000  31000  33000  33000  34000  33000  31000 
1669074199         35000  34000  34000  34000  33000  33000  34000  32000  32000  34000  34000  34000  31000  33000  34000  35000  35000  34000  34000  32000  33000  33000  34000  33000  31000 
1669074210         36000  34000  34000  34000  33000  33000  34000  33000  33000  34000  35000  34000  31000  33000  35000  35000  35000  34000  34000  31000  33000  33000  34000  33000  31000 
1669074220         35000  34000  34000  34000  33000  32000  34000  32000  32000  34000  35000  34000  31000  33000  35000  35000  36000  34000  34000  31000  33000  33000  34000  33000  31000 
1669074230         36000  34000  35000  34000  33000  32000  35000  33000  32000  34000  35000  34000  31000  33000  34000  35000  36000  34000  34000  31000  33000  33000  34000  33000  31000 
1669074241         35000  34000  34000  34000  33000  33000  34000  33000  32000  34000  35000  34000  31000  33000  34000  35000  36000  34000  34000  31000  33000  33000  34000  33000  31000 
1669074251         36000  34000  34000  34000  33000  32000  35000  33000  32000  34000  35000  34000  31000  34000  35000  35000  36000  34000  34000  31000  32000  33000  34000  33000  30000 
1669074261         35000  34000  34000  34000  33000  32000  36000  33000  32000  34000  34000  34000  31000  33000  34000  35000  35000  34000  34000  31000  33000  33000  34000  33000  31000 
1669074271         36000  33000  34000  34000  33000  32000  36000  33000  32000  34000  35000  34000  31000  33000  34000  34000  35000  34000  34000  31000  32000  33000  33000  33000  31000 
1669074282         36000  34000  34000  34000  34000  32000  34000  31000  33000  34000  35000  34000  31000  33000  34000  35000  36000  34000  34000  31000  33000  33000  33000  33000  31000 
1669074292         36000  33000  34000  34000  33000  34000  35000  31000  32000  33000  34000  34000  31000  33000  34000  34000  35000  34000  34000  31000  33000  33000  34000  33000  30000 
1669074302         35000  34000  34000  34000  33000  32000  34000  31000  32000  34000  34000  34000  30000  33000  34000  34000  36000  34000  34000  30000  32000  33000  34000  33000  31000 
1669074312         35000  34000  33000  34000  33000  32000  34000  31000  32000  33000  34000  34000  31000  33000  34000  34000  35000  34000  33000  30000  32000  32000  34000  33000  31000 
