TIME                CPU0  Core0  Core1  Core2  Core3  Core4  Core5  Core8  Core9 Core10 Core11 Core12 Core13 Core16 Core17 Core18 Core19 Core20 Core21 Core24 Core25 Core26 Core27 Core28 Core29
1669072349         44000  41000  41000  40000  41000  41000  42000  40000  39000  40000  40000  41000  41000  40000  41000  41000  40000  41000  39000  41000  41000  40000  40000  40000  40000 
1669072360         41000  40000  40000  38000  40000  39000  40000  38000  38000  39000  39000  39000  39000  38000  39000  39000  39000  39000  37000  40000  39000  38000  39000  38000  38000 
1669072370         40000  38000  38000  37000  38000  37000  39000  36000  36000  37000  36000  37000  37000  36000  37000  37000  37000  37000  35000  38000  37000  36000  37000  36000  37000 
1669072380         39000  37000  37000  35000  37000  37000  38000  35000  35000  36000  35000  36000  36000  35000  36000  36000  35000  36000  35000  37000  36000  35000  36000  35000  35000 
1669072391         38000  36000  36000  34000  36000  35000  36000  34000  34000  34000  34000  35000  35000  34000  35000  35000  34000  35000  34000  36000  35000  34000  35000  34000  34000 
1669072401         37000  36000  36000  35000  36000  35000  36000  34000  34000  35000  34000  34000  35000  34000  35000  35000  34000  35000  34000  36000  35000  34000  35000  33000  34000 
1669072411         37000  35000  35000  34000  35000  35000  35000  34000  34000  34000  34000  34000  34000  34000  35000  34000  34000  35000  33000  35000  34000  34000  34000  33000  34000 
1669072421         37000  35000  35000  34000  36000  35000  34000  33000  33000  34000  33000  34000  34000  34000  35000  34000  34000  34000  33000  36000  34000  34000  34000  33000  33000 
1669072432         36000  35000  35000  34000  35000  35000  35000  34000  33000  34000  33000  33000  34000  33000  35000  34000  33000  34000  33000  35000  34000  33000  34000  33000  33000 
1669072442         36000  34000  35000  33000  35000  34000  34000  33000  33000  33000  33000  33000  34000  33000  34000  34000  33000  34000  32000  35000  33000  33000  33000  32000  33000 
1669072452         36000  34000  35000  33000  34000  34000  34000  33000  33000  33000  33000  33000  33000  33000  34000  34000  33000  33000  32000  35000  33000  33000  33000  32000  32000 
1669072463         36000  34000  34000  33000  34000  34000  34000  33000  33000  33000  33000  33000  33000  33000  34000  33000  33000  34000  32000  34000  33000  33000  33000  33000  33000 
1669072473         36000  34000  34000  34000  35000  34000  34000  33000  32000  33000  32000  33000  33000  33000  34000  34000  33000  33000  32000  35000  33000  33000  33000  33000  33000 
1669072483         36000  34000  34000  34000  35000  34000  33000  33000  33000  33000  33000  32000  34000  32000  34000  34000  33000  33000  32000  34000  33000  33000  33000  32000  32000 
1669072494         35000  34000  34000  33000  34000  33000  34000  33000  33000  33000  32000  33000  33000  32000  34000  33000  33000  33000  32000  34000  33000  33000  33000  32000  33000 
1669072504         35000  34000  34000  33000  34000  33000  34000  33000  32000  33000  32000  32000  33000  33000  34000  33000  32000  32000  31000  34000  33000  32000  33000  32000  32000 
1669072514         35000  34000  33000  32000  34000  33000  33000  32000  32000  33000  32000  32000  33000  32000  33000  33000  32000  32000  32000  34000  32000  32000  32000  32000  32000 
1669072524         35000  33000  34000  32000  34000  33000  33000  33000  32000  33000  32000  33000  33000  32000  33000  33000  33000  32000  31000  35000  33000  32000  33000  32000  32000 
1669072535         35000  33000  33000  32000  34000  33000  33000  32000  32000  33000  32000  32000  33000  32000  33000  33000  32000  33000  31000  34000  33000  32000  33000  32000  32000 
1669072545         36000  33000  33000  32000  33000  33000  33000  32000  32000  33000  32000  32000  33000  32000  33000  33000  32000  33000  31000  34000  32000  32000  32000  32000  31000 
1669072556         41000  36000  39000  37000  38000  37000  36000  37000  40000  37000  37000  37000  37000  36000  38000  37000  36000  40000  37000  37000  36000  39000  37000  40000  35000 
1669072566         42000  36000  37000  35000  36000  36000  36000  35000  42000  36000  35000  35000  35000  35000  36000  36000  35000  35000  34000  36000  34000  36000  35000  35000  35000 
1669072576         44000  35000  35000  34000  35000  34000  34000  33000  32000  33000  34000  45000  34000  34000  34000  34000  34000  35000  32000  34000  33000  33000  34000  34000  33000 
1669072587         44000  34000  34000  33000  35000  34000  34000  32000  32000  33000  33000  45000  34000  33000  34000  34000  34000  35000  33000  34000  33000  32000  33000  33000  33000 
1669072597         44000  34000  33000  33000  34000  33000  34000  31000  31000  33000  33000  45000  33000  32000  33000  33000  34000  34000  31000  34000  33000  32000  33000  33000  32000 
1669072607         44000  33000  33000  32000  34000  33000  33000  31000  31000  32000  33000  45000  33000  32000  33000  33000  33000  34000  31000  33000  32000  32000  32000  33000  32000 
1669072617         43000  33000  33000  32000  33000  32000  33000  31000  30000  32000  32000  44000  33000  31000  32000  33000  33000  34000  31000  33000  32000  31000  32000  32000  32000 
1669072628         43000  33000  33000  32000  33000  32000  32000  31000  30000  32000  32000  44000  32000  31000  32000  32000  32000  33000  30000  33000  32000  31000  32000  32000  31000 
1669072638         42000  32000  33000  31000  33000  32000  32000  30000  30000  32000  32000  43000  32000  31000  32000  32000  32000  33000  30000  33000  31000  31000  31000  32000  31000 
1669072648         39000  33000  33000  32000  34000  33000  32000  32000  31000  33000  33000  40000  33000  32000  33000  33000  33000  34000  32000  34000  33000  32000  33000  33000  32000 
1669072659         40000  33000  33000  32000  34000  33000  33000  32000  32000  33000  33000  41000  33000  32000  33000  33000  33000  34000  32000  33000  33000  33000  33000  33000  32000 
1669072669         40000  33000  34000  33000  34000  33000  33000  32000  31000  33000  33000  41000  33000  33000  33000  33000  33000  34000  32000  33000  33000  33000  33000  33000  32000 
1669072679         41000  33000  33000  32000  34000  33000  33000  33000  32000  33000  33000  42000  33000  33000  33000  33000  33000  34000  32000  33000  33000  32000  33000  33000  32000 
1669072689         41000  33000  33000  32000  34000  33000  33000  32000  32000  33000  33000  41000  33000  33000  33000  33000  33000  34000  32000  33000  33000  32000  34000  33000  32000 
1669072700         43000  33000  34000  33000  34000  33000  34000  33000  32000  33000  33000  44000  34000  32000  33000  33000  34000  34000  32000  33000  34000  33000  34000  33000  33000 
1669072710         43000  33000  33000  33000  34000  33000  34000  32000  32000  33000  33000  43000  34000  32000  33000  33000  34000  35000  33000  34000  33000  33000  34000  34000  33000 
1669072720         42000  33000  33000  33000  34000  33000  34000  32000  32000  33000  33000  44000  34000  32000  33000  33000  34000  35000  33000  34000  33000  33000  34000  33000  33000 
1669072731         43000  33000  33000  32000  34000  33000  34000  32000  32000  33000  33000  43000  34000  32000  33000  33000  34000  35000  32000  34000  33000  33000  34000  34000  32000 
1669072741         42000  34000  33000  33000  34000  33000  34000  32000  31000  33000  33000  43000  34000  32000  33000  33000  34000  35000  33000  33000  33000  33000  34000  34000  33000 
1669072751         42000  34000  33000  33000  34000  33000  34000  33000  31000  33000  33000  44000  34000  32000  33000  33000  34000  35000  33000  33000  33000  33000  34000  34000  32000 
1669072761         42000  33000  33000  32000  34000  33000  34000  32000  31000  33000  34000  43000  34000  32000  33000  33000  33000  34000  32000  34000  33000  33000  34000  34000  33000 
1669072772         42000  33000  33000  33000  34000  33000  34000  33000  32000  32000  33000  44000  34000  32000  33000  33000  33000  35000  32000  34000  33000  33000  34000  33000  32000 
1669072782         43000  33000  33000  33000  34000  34000  34000  33000  31000  33000  33000  44000  34000  32000  33000  33000  34000  35000  33000  34000  33000  33000  34000  34000  32000 
1669072792         42000  33000  33000  32000  34000  33000  34000  32000  31000  32000  33000  44000  34000  31000  33000  33000  34000  34000  33000  33000  33000  33000  34000  33000  32000 
1669072802         42000  33000  33000  32000  33000  33000  34000  32000  31000  33000  33000  42000  34000  32000  33000  33000  34000  34000  32000  33000  33000  33000  33000  33000  32000 
1669072813         41000  33000  33000  32000  34000  33000  33000  33000  32000  33000  33000  41000  33000  32000  33000  33000  33000  34000  32000  33000  33000  33000  33000  33000  33000 
1669072823         35000  34000  35000  33000  34000  35000  34000  33000  32000  33000  33000  33000  33000  32000  34000  34000  32000  33000  32000  34000  33000  33000  34000  32000  32000 
1669072834         40000  35000  36000  35000  36000  35000  36000  34000  33000  39000  35000  36000  34000  35000  36000  40000  37000  35000  36000  36000  40000  40000  38000  38000  39000 
1669072844         43000  34000  34000  33000  34000  35000  34000  32000  32000  33000  34000  33000  33000  32000  34000  33000  33000  33000  33000  34000  33000  33000  45000  32000  32000 
1669072854         43000  33000  33000  32000  33000  34000  34000  31000  31000  33000  33000  32000  33000  31000  33000  33000  32000  32000  31000  33000  32000  32000  44000  32000  32000 
1669072864         43000  33000  33000  32000  33000  34000  33000  31000  31000  32000  32000  32000  32000  32000  33000  33000  32000  32000  32000  33000  32000  32000  44000  31000  31000 
1669072875         43000  33000  33000  32000  33000  33000  33000  31000  31000  32000  32000  31000  31000  31000  32000  32000  31000  32000  31000  32000  31000  32000  43000  31000  31000 
1669072885         42000  32000  32000  31000  32000  32000  33000  30000  30000  31000  31000  33000  44000  31000  32000  31000  31000  32000  30000  32000  31000  31000  32000  32000  33000 
1669072895         34000  32000  32000  30000  32000  32000  33000  30000  30000  31000  30000  31000  31000  31000  32000  31000  31000  31000  30000  32000  31000  31000  31000  30000  30000 
1669072906         40000  32000  31000  30000  41000  31000  31000  30000  29000  31000  30000  31000  30000  30000  31000  31000  31000  33000  29000  32000  32000  30000  30000  30000  30000 
1669072916         40000  32000  31000  30000  40000  31000  31000  30000  29000  30000  30000  31000  31000  30000  31000  31000  31000  32000  29000  31000  31000  30000  30000  30000  30000 
1669072926         40000  32000  32000  30000  40000  31000  31000  29000  29000  31000  30000  31000  30000  30000  31000  31000  31000  32000  29000  32000  31000  30000  30000  29000  29000 
1669072936         40000  31000  31000  30000  40000  30000  31000  29000  29000  30000  30000  31000  31000  29000  31000  31000  30000  32000  29000  32000  31000  30000  30000  29000  29000 
1669072947         36000  32000  32000  31000  36000  31000  32000  31000  30000  32000  31000  32000  32000  31000  32000  32000  31000  32000  30000  33000  32000  31000  31000  31000  31000 
1669072957         39000  32000  32000  31000  38000  31000  32000  31000  30000  31000  32000  31000  32000  31000  32000  32000  32000  33000  31000  33000  32000  31000  32000  31000  30000 
1669072967         39000  33000  32000  31000  39000  32000  33000  31000  31000  32000  33000  32000  32000  31000  33000  33000  32000  33000  31000  33000  33000  32000  33000  32000  31000 
1669072978         39000  33000  33000  32000  39000  32000  33000  31000  31000  32000  32000  33000  33000  32000  33000  33000  32000  34000  32000  33000  33000  32000  33000  32000  31000 
1669072988         39000  33000  33000  32000  39000  33000  32000  31000  31000  33000  33000  32000  33000  32000  33000  33000  33000  34000  32000  33000  34000  33000  33000  32000  32000 
1669072998         39000  33000  33000  33000  40000  33000  33000  31000  31000  33000  33000  33000  33000  32000  33000  33000  33000  34000  32000  34000  33000  33000  33000  33000  32000 
1669073008         40000  33000  33000  33000  40000  33000  33000  31000  31000  33000  33000  33000  33000  32000  33000  33000  33000  34000  32000  33000  34000  33000  34000  33000  32000 
1669073019         40000  33000  33000  33000  40000  33000  33000  32000  32000  33000  33000  33000  33000  32000  33000  33000  33000  34000  32000  34000  34000  33000  34000  33000  32000 
1669073029         40000  33000  33000  32000  40000  33000  33000  32000  31000  33000  33000  33000  33000  33000  34000  33000  33000  35000  32000  34000  34000  33000  34000  33000  32000 
1669073039         40000  34000  33000  32000  40000  33000  34000  32000  32000  33000  33000  33000  33000  32000  33000  33000  33000  34000  32000  34000  33000  33000  34000  33000  32000 
1669073050         40000  34000  34000  33000  40000  33000  33000  32000  32000  33000  33000  33000  33000  33000  33000  33000  33000  34000  32000  33000  34000  33000  33000  33000  32000 
1669073060         40000  33000  33000  33000  40000  33000  33000  32000  32000  33000  33000  33000  33000  33000  33000  33000  33000  34000  32000  34000  34000  33000  34000  33000  32000 
1669073070         39000  33000  33000  33000  39000  33000  33000  32000  32000  33000  33000  33000  33000  33000  33000  33000  33000  34000  32000  33000  34000  33000  33000  33000  32000 
1669073080         39000  34000  34000  33000  40000  33000  33000  32000  32000  33000  33000  33000  33000  32000  34000  33000  33000  34000  32000  33000  34000  33000  33000  32000  32000 
1669073091         40000  34000  33000  33000  39000  33000  33000  32000  32000  33000  33000  33000  33000  32000  34000  33000  33000  35000  32000  34000  34000  33000  34000  33000  32000 
1669073101         39000  34000  34000  33000  39000  33000  33000  32000  32000  33000  33000  33000  33000  32000  34000  33000  33000  34000  32000  34000  34000  33000  34000  33000  32000 
1669073111         40000  33000  33000  32000  40000  33000  33000  31000  31000  33000  32000  33000  32000  31000  33000  33000  33000  34000  32000  33000  33000  33000  33000  32000  32000 
1669073122         40000  33000  33000  32000  40000  33000  33000  32000  31000  33000  32000  33000  32000  31000  33000  33000  33000  34000  32000  34000  34000  33000  33000  32000  32000 
1669073132         40000  33000  33000  32000  41000  33000  32000  31000  31000  32000  32000  33000  32000  31000  33000  32000  33000  34000  32000  33000  33000  32000  33000  32000  32000 
1669073142         40000  33000  33000  32000  40000  33000  33000  31000  31000  32000  32000  32000  32000  31000  32000  32000  33000  34000  31000  33000  33000  33000  33000  32000  32000 
1669073152         40000  33000  33000  32000  41000  33000  33000  31000  31000  32000  32000  33000  32000  31000  32000  32000  32000  33000  31000  33000  33000  32000  33000  32000  31000 
1669073163         41000  32000  32000  32000  41000  33000  33000  31000  30000  32000  32000  32000  32000  31000  33000  32000  33000  34000  32000  33000  33000  33000  33000  32000  31000 
1669073173         41000  33000  33000  32000  41000  33000  32000  30000  30000  32000  32000  32000  32000  31000  32000  32000  32000  34000  31000  33000  33000  33000  33000  32000  31000 
1669073183         40000  32000  33000  31000  41000  32000  32000  30000  30000  32000  32000  32000  32000  31000  32000  32000  32000  33000  31000  33000  33000  33000  33000  32000  31000 
1669073194         41000  33000  32000  31000  41000  33000  32000  30000  31000  31000  32000  32000  32000  31000  32000  32000  32000  33000  31000  33000  33000  32000  33000  32000  31000 
1669073204         40000  32000  32000  32000  40000  32000  32000  30000  31000  32000  32000  32000  32000  31000  32000  33000  32000  33000  31000  33000  33000  33000  33000  32000  31000 
1669073214         39000  33000  32000  32000  40000  32000  32000  31000  30000  31000  32000  32000  31000  30000  32000  32000  32000  33000  30000  33000  33000  32000  33000  31000  31000 
1669073224         41000  32000  32000  32000  41000  32000  32000  30000  30000  32000  31000  32000  32000  31000  32000  32000  32000  34000  30000  33000  33000  32000  33000  31000  31000 
1669073235         40000  32000  32000  31000  40000  32000  32000  31000  30000  32000  32000  32000  32000  30000  32000  32000  32000  33000  30000  33000  33000  32000  32000  31000  31000 
1669073245         37000  33000  33000  32000  37000  32000  32000  31000  31000  32000  32000  32000  32000  32000  33000  33000  32000  33000  31000  34000  32000  32000  32000  32000  31000 
1669073255         37000  33000  33000  32000  38000  32000  32000  32000  31000  32000  32000  32000  32000  32000  32000  33000  33000  33000  31000  33000  32000  32000  33000  31000  31000 
1669073265         38000  33000  33000  32000  38000  32000  32000  32000  31000  32000  32000  32000  32000  32000  33000  33000  32000  33000  31000  33000  33000  32000  33000  31000  31000 
1669073276         38000  33000  33000  32000  39000  33000  33000  32000  31000  32000  32000  32000  32000  32000  33000  33000  32000  33000  31000  33000  33000  33000  33000  32000  31000 
1669073286         39000  33000  33000  32000  39000  33000  33000  33000  32000  33000  32000  32000  33000  32000  33000  33000  33000  34000  32000  33000  33000  33000  33000  33000  32000 
1669073296         39000  33000  33000  33000  39000  33000  33000  32000  32000  33000  33000  33000  33000  32000  33000  33000  33000  34000  32000  34000  34000  33000  33000  32000  32000 
1669073307         39000  33000  33000  32000  39000  33000  33000  32000  31000  33000  33000  32000  33000  32000  33000  33000  33000  33000  32000  34000  33000  33000  33000  32000  32000 
1669073317         38000  33000  34000  33000  39000  33000  33000  33000  32000  33000  33000  33000  33000  33000  33000  33000  33000  34000  32000  34000  33000  33000  33000  32000  32000 
1669073327         39000  34000  34000  33000  40000  33000  33000  33000  32000  33000  33000  33000  33000  33000  33000  33000  33000  34000  32000  34000  33000  33000  34000  33000  33000 
1669073337         39000  34000  33000  32000  39000  33000  33000  33000  32000  33000  33000  33000  33000  33000  33000  33000  33000  34000  32000  34000  34000  33000  34000  33000  32000 
1669073348         40000  34000  34000  33000  40000  33000  33000  33000  32000  33000  33000  33000  33000  32000  34000  33000  33000  34000  32000  34000  34000  33000  34000  33000  32000 
1669073358         41000  33000  34000  33000  41000  33000  33000  32000  32000  33000  33000  33000  33000  32000  34000  33000  33000  34000  32000  33000  33000  33000  34000  32000  32000 
1669073368         40000  33000  33000  33000  40000  34000  33000  32000  32000  33000  33000  33000  33000  32000  34000  33000  33000  34000  32000  34000  33000  33000  34000  33000  32000 
1669073379         39000  34000  34000  33000  40000  33000  33000  33000  32000  33000  33000  33000  33000  32000  33000  33000  33000  34000  32000  34000  34000  33000  34000  32000  32000 
1669073389         40000  34000  33000  33000  40000  33000  33000  32000  32000  33000  33000  33000  33000  32000  33000  33000  33000  34000  32000  34000  34000  33000  34000  33000  32000 
1669073399         40000  33000  33000  32000  40000  33000  33000  33000  32000  33000  33000  33000  33000  32000  34000  33000  33000  35000  32000  34000  34000  33000  34000  33000  32000 
1669073409         40000  34000  33000  33000  40000  33000  33000  32000  32000  33000  33000  33000  33000  32000  34000  33000  33000  34000  32000  34000  34000  33000  34000  33000  32000 
1669073420         40000  34000  33000  33000  40000  34000  33000  32000  32000  33000  33000  33000  33000  32000  33000  33000  33000  34000  32000  34000  34000  33000  34000  33000  32000 
1669073430         40000  33000  33000  33000  40000  33000  33000  32000  31000  33000  33000  33000  33000  32000  33000  33000  33000  35000  32000  33000  34000  33000  33000  33000  32000 
1669073440         39000  33000  34000  33000  40000  33000  33000  32000  32000  33000  33000  33000  33000  32000  33000  33000  33000  35000  32000  34000  33000  33000  33000  33000  32000 
1669073451         39000  34000  34000  33000  40000  33000  33000  32000  32000  33000  33000  33000  33000  32000  33000  33000  33000  34000  32000  34000  33000  33000  33000  33000  32000 
1669073461         40000  33000  34000  33000  40000  33000  33000  32000  32000  33000  33000  33000  34000  32000  34000  33000  33000  34000  32000  33000  34000  33000  34000  33000  32000 
1669073471         39000  33000  33000  32000  40000  33000  33000  32000  31000  32000  32000  33000  33000  32000  33000  33000  33000  34000  32000  33000  34000  32000  33000  32000  32000 
1669073481         40000  33000  33000  32000  40000  33000  33000  32000  32000  33000  32000  32000  33000  32000  33000  33000  33000  34000  32000  33000  34000  33000  33000  33000  32000 
1669073492         40000  33000  33000  32000  40000  33000  33000  32000  32000  32000  32000  33000  33000  31000  33000  33000  33000  34000  32000  34000  33000  33000  34000  32000  32000 
1669073502         39000  33000  33000  32000  40000  33000  33000  32000  31000  32000  32000  33000  34000  31000  33000  33000  33000  34000  32000  33000  33000  32000  33000  32000  31000 
1669073512         39000  33000  33000  32000  40000  33000  33000  32000  32000  33000  32000  33000  33000  32000  32000  32000  33000  34000  32000  33000  33000  33000  33000  32000  32000 
1669073523         41000  33000  32000  32000  41000  33000  33000  32000  31000  33000  32000  33000  33000  31000  33000  33000  33000  34000  32000  33000  33000  33000  33000  32000  32000 
1669073533         40000  33000  33000  32000  41000  33000  33000  32000  31000  32000  32000  32000  33000  32000  33000  33000  33000  34000  31000  33000  33000  32000  33000  32000  32000 
1669073543         38000  33000  33000  33000  37000  32000  33000  32000  32000  33000  33000  33000  33000  32000  33000  33000  33000  33000  31000  34000  33000  33000  33000  32000  32000 
1669073553         39000  33000  33000  32000  39000  32000  33000  32000  31000  32000  33000  33000  33000  32000  33000  33000  33000  33000  31000  33000  33000  32000  33000  32000  32000 
1669073564         39000  33000  33000  33000  40000  33000  33000  32000  32000  33000  33000  33000  33000  33000  33000  33000  33000  34000  32000  34000  34000  33000  33000  32000  32000 
1669073574         40000  34000  33000  33000  39000  33000  33000  33000  32000  33000  33000  33000  33000  33000  34000  33000  33000  34000  32000  34000  34000  33000  33000  33000  32000 
1669073584         40000  34000  34000  33000  40000  33000  33000  33000  32000  33000  33000  33000  33000  33000  34000  33000  33000  35000  32000  34000  34000  33000  34000  33000  32000 
1669073595         39000  34000  34000  33000  39000  33000  33000  33000  33000  33000  33000  33000  33000  33000  34000  34000  33000  34000  32000  34000  34000  34000  34000  33000  32000 
1669073605         40000  34000  34000  33000  40000  33000  33000  33000  32000  33000  33000  33000  33000  32000  33000  33000  33000  34000  32000  34000  34000  33000  34000  33000  32000 
1669073615         40000  34000  33000  33000  40000  34000  33000  33000  32000  33000  33000  33000  33000  32000  34000  33000  33000  34000  32000  34000  34000  33000  34000  33000  32000 
1669073625         40000  34000  34000  33000  40000  34000  33000  32000  32000  34000  33000  33000  34000  32000  34000  33000  33000  34000  32000  34000  34000  33000  34000  33000  32000 
1669073636         40000  33000  33000  33000  40000  34000  33000  32000  32000  33000  33000  33000  33000  32000  34000  33000  33000  35000  32000  34000  33000  33000  34000  33000  32000 
1669073646         40000  33000  33000  33000  40000  33000  33000  33000  32000  33000  33000  33000  33000  32000  33000  33000  33000  34000  32000  34000  34000  33000  34000  33000  33000 
1669073656         40000  33000  33000  33000  40000  33000  33000  32000  32000  33000  34000  33000  33000  32000  33000  33000  33000  34000  32000  34000  34000  33000  34000  33000  32000 
1669073667         40000  33000  34000  33000  40000  33000  33000  32000  32000  33000  33000  33000  34000  32000  34000  33000  33000  34000  32000  34000  34000  33000  34000  33000  32000 
1669073677         40000  34000  34000  33000  40000  33000  33000  32000  32000  33000  33000  33000  33000  32000  34000  33000  33000  34000  32000  34000  34000  33000  34000  33000  32000 
1669073687         40000  33000  33000  33000  40000  33000  33000  33000  32000  33000  33000  33000  33000  32000  33000  33000  33000  34000  32000  34000  34000  33000  34000  32000  32000 
1669073697         40000  33000  33000  33000  40000  33000  33000  32000  32000  33000  33000  33000  33000  32000  34000  33000  33000  34000  32000  34000  34000  33000  34000  33000  32000 
1669073708         40000  34000  33000  32000  40000  34000  33000  32000  32000  33000  33000  33000  33000  32000  33000  33000  33000  34000  32000  34000  34000  33000  34000  33000  32000 
1669073718         40000  33000  34000  33000  40000  33000  33000  32000  32000  33000  32000  33000  33000  32000  33000  33000  33000  34000  32000  33000  34000  33000  33000  32000  32000 
1669073728         40000  34000  33000  32000  40000  34000  33000  32000  32000  33000  32000  33000  33000  32000  33000  33000  33000  34000  32000  33000  34000  33000  33000  33000  32000 
1669073738         40000  33000  33000  33000  40000  34000  33000  32000  32000  33000  32000  33000  33000  32000  33000  33000  33000  34000  32000  34000  34000  33000  34000  32000  32000 
1669073749         40000  33000  33000  33000  40000  33000  33000  32000  31000  33000  33000  33000  33000  31000  33000  33000  33000  34000  32000  33000  34000  33000  34000  32000  32000 
1669073759         40000  33000  34000  32000  40000  33000  33000  32000  31000  33000  33000  33000  33000  32000  33000  33000  33000  34000  32000  34000  33000  33000  34000  32000  32000 
1669073769         41000  34000  33000  33000  41000  33000  33000  32000  32000  33000  32000  33000  33000  32000  33000  33000  33000  34000  32000  34000  33000  33000  33000  33000  32000 
1669073780         40000  33000  33000  33000  41000  33000  33000  32000  32000  33000  32000  33000  33000  32000  33000  33000  33000  34000  32000  33000  33000  33000  33000  33000  32000 
1669073790         40000  33000  33000  32000  41000  33000  33000  32000  32000  32000  32000  32000  33000  32000  34000  33000  33000  34000  32000  34000  32000  33000  33000  33000  32000 
1669073800         41000  33000  33000  32000  41000  33000  32000  32000  31000  32000  32000  32000  33000  32000  33000  33000  33000  34000  32000  33000  33000  33000  33000  33000  32000 
1669073810         40000  33000  33000  32000  41000  33000  33000  32000  31000  32000  32000  33000  33000  32000  33000  33000  32000  34000  31000  33000  33000  33000  34000  32000  32000 
1669073821         40000  33000  33000  32000  41000  33000  32000  33000  31000  32000  32000  32000  33000  31000  33000  33000  33000  34000  31000  33000  33000  33000  34000  32000  32000 
1669073831         40000  33000  33000  32000  41000  33000  33000  32000  31000  32000  32000  32000  33000  32000  33000  32000  32000  34000  31000  33000  32000  32000  33000  32000  32000 
1669073841         41000  33000  33000  32000  41000  33000  33000  33000  31000  32000  32000  32000  33000  31000  33000  32000  33000  34000  31000  33000  32000  33000  33000  32000  31000 
1669073852         39000  39000  34000  32000  34000  33000  33000  33000  33000  33000  33000  33000  33000  33000  34000  34000  33000  33000  32000  34000  33000  33000  33000  32000  32000 
1669073862         39000  39000  34000  33000  33000  33000  33000  33000  32000  33000  33000  32000  32000  34000  34000  33000  33000  33000  32000  34000  33000  33000  33000  32000  32000 
1669073872         39000  39000  34000  32000  33000  33000  33000  33000  32000  33000  33000  32000  33000  34000  34000  33000  32000  33000  32000  33000  32000  33000  33000  32000  32000 
1669073882         40000  40000  34000  32000  33000  33000  33000  33000  32000  33000  33000  32000  33000  34000  34000  33000  32000  33000  32000  34000  33000  33000  33000  32000  32000 
1669073893         39000  40000  34000  32000  33000  33000  33000  33000  32000  33000  32000  32000  33000  34000  33000  33000  32000  33000  32000  33000  33000  33000  33000  32000  32000 
1669073903         40000  35000  35000  33000  35000  34000  34000  34000  33000  34000  33000  34000  33000  40000  35000  34000  33000  33000  33000  34000  34000  34000  34000  33000  33000 
1669073913         45000  35000  34000  32000  33000  32000  32000  34000  32000  32000  31000  31000  32000  47000  33000  33000  31000  32000  30000  33000  32000  32000  32000  30000  31000 
1669073924         45000  34000  33000  31000  33000  33000  32000  34000  31000  32000  31000  31000  31000  46000  33000  32000  31000  32000  30000  33000  31000  31000  31000  30000  31000 
1669073934         45000  34000  33000  31000  33000  32000  32000  34000  32000  32000  31000  31000  31000  46000  32000  32000  31000  32000  30000  33000  31000  31000  31000  31000  31000 
1669073944         45000  34000  33000  31000  32000  32000  31000  34000  31000  32000  31000  31000  31000  45000  32000  31000  31000  32000  29000  33000  31000  31000  31000  30000  30000 
1669073955         44000  34000  34000  31000  32000  32000  31000  33000  31000  31000  31000  31000  31000  46000  32000  32000  31000  31000  30000  33000  31000  31000  31000  30000  30000 
1669073965         44000  34000  33000  31000  32000  32000  31000  33000  31000  31000  31000  30000  31000  44000  32000  32000  31000  31000  30000  32000  31000  31000  31000  30000  30000 
1669073975         45000  34000  33000  31000  32000  31000  31000  33000  31000  31000  30000  31000  31000  45000  32000  31000  30000  32000  29000  32000  31000  31000  31000  30000  30000 
1669073985         44000  34000  33000  31000  32000  31000  31000  33000  31000  31000  30000  31000  31000  45000  32000  31000  30000  32000  29000  33000  31000  31000  31000  30000  30000 
1669073996         44000  34000  33000  31000  32000  32000  31000  33000  30000  32000  30000  30000  31000  44000  32000  32000  30000  31000  29000  32000  31000  31000  31000  30000  30000 
1669074006         45000  33000  33000  31000  32000  32000  31000  33000  31000  32000  30000  31000  31000  45000  32000  31000  30000  31000  29000  32000  31000  31000  31000  30000  30000 
1669074016         44000  34000  33000  30000  32000  31000  31000  33000  30000  31000  30000  31000  31000  45000  32000  31000  30000  31000  29000  32000  31000  31000  31000  30000  30000 
1669074027         44000  33000  32000  31000  32000  31000  31000  33000  30000  32000  31000  31000  31000  44000  32000  31000  30000  32000  29000  32000  31000  31000  30000  30000  30000 
1669074037         44000  34000  33000  31000  32000  31000  31000  33000  31000  31000  30000  31000  31000  45000  32000  31000  30000  31000  30000  32000  31000  31000  30000  30000  30000 
1669074047         44000  33000  33000  30000  31000  31000  31000  33000  30000  32000  30000  31000  31000  45000  32000  31000  30000  31000  29000  32000  31000  31000  31000  29000  30000 
1669074057         44000  34000  33000  30000  32000  31000  32000  33000  31000  32000  30000  30000  30000  44000  32000  31000  30000  31000  29000  32000  31000  31000  31000  29000  30000 
1669074068         44000  34000  33000  31000  31000  31000  31000  33000  31000  31000  30000  30000  31000  45000  32000  31000  30000  31000  29000  32000  31000  31000  31000  30000  30000 
1669074078         44000  33000  33000  30000  32000  31000  31000  33000  30000  31000  30000  30000  31000  45000  32000  31000  30000  31000  29000  32000  30000  30000  31000  29000  30000 
1669074088         44000  33000  33000  30000  31000  31000  31000  33000  31000  31000  30000  30000  31000  45000  32000  31000  30000  32000  29000  32000  30000  30000  31000  29000  30000 
1669074099         45000  33000  33000  30000  32000  31000  31000  33000  31000  31000  30000  31000  31000  45000  32000  31000  30000  31000  29000  32000  30000  31000  31000  29000  30000 
1669074109         45000  34000  33000  31000  31000  31000  31000  33000  31000  31000  30000  30000  30000  45000  32000  31000  30000  31000  29000  32000  30000  31000  31000  29000  29000 
1669074119         41000  33000  32000  30000  31000  31000  31000  33000  31000  31000  30000  30000  31000  43000  32000  31000  30000  31000  29000  32000  30000  30000  31000  30000  30000 
1669074129         42000  33000  32000  30000  31000  31000  31000  32000  30000  31000  30000  30000  31000  42000  31000  31000  30000  31000  29000  32000  30000  30000  31000  29000  30000 
1669074140         38000  35000  36000  35000  36000  35000  35000  36000  39000  36000  35000  36000  37000  35000  39000  35000  39000  36000  33000  35000  37000  41000  35000  37000  34000 
1669074150         41000  35000  35000  34000  35000  34000  35000  33000  33000  34000  34000  34000  34000  33000  35000  35000  34000  33000  32000  35000  34000  33000  34000  42000  33000 
1669074161         45000  33000  33000  32000  33000  34000  32000  32000  33000  33000  32000  32000  32000  31000  33000  32000  31000  32000  31000  33000  32000  47000  32000  31000  31000 
1669074171         45000  33000  33000  31000  32000  33000  32000  31000  32000  33000  32000  31000  32000  31000  33000  32000  31000  32000  31000  33000  31000  46000  32000  30000  31000 
1669074181         45000  32000  32000  31000  32000  33000  32000  31000  33000  32000  32000  31000  31000  31000  33000  32000  31000  31000  30000  33000  31000  46000  32000  30000  31000 
1669074191         44000  32000  32000  31000  32000  33000  32000  31000  32000  32000  31000  31000  31000  31000  33000  32000  31000  31000  30000  32000  31000  45000  31000  30000  31000 
1669074202         44000  32000  32000  31000  32000  33000  31000  31000  32000  32000  31000  30000  31000  31000  32000  31000  30000  31000  30000  32000  30000  45000  31000  30000  30000 
1669074212         41000  32000  32000  30000  31000  33000  31000  30000  32000  32000  31000  31000  31000  30000  32000  31000  30000  31000  29000  32000  30000  43000  31000  30000  30000 
1669074222         43000  32000  32000  31000  32000  33000  31000  30000  33000  32000  31000  31000  31000  31000  32000  32000  30000  31000  30000  32000  31000  44000  31000  30000  30000 
1669074233         42000  32000  33000  31000  32000  33000  32000  30000  33000  33000  31000  31000  31000  31000  33000  32000  30000  31000  29000  32000  31000  44000  32000  30000  31000 
1669074243         43000  32000  32000  31000  31000  32000  31000  30000  32000  32000  31000  30000  31000  30000  32000  31000  30000  31000  30000  32000  30000  43000  31000  29000  30000 
1669074253         42000  32000  32000  30000  31000  32000  31000  30000  31000  31000  30000  30000  31000  30000  32000  31000  30000  31000  29000  31000  30000  43000  31000  29000  30000 
1669074263         42000  31000  32000  30000  31000  33000  31000  30000  31000  31000  30000  30000  30000  30000  32000  30000  30000  30000  29000  31000  30000  43000  31000  29000  30000 
1669074274         42000  31000  31000  30000  31000  32000  31000  30000  31000  31000  29000  30000  30000  30000  32000  31000  29000  30000  29000  31000  30000  43000  31000  29000  30000 
1669074284         42000  32000  31000  30000  31000  32000  30000  30000  31000  31000  30000  30000  30000  30000  31000  30000  30000  30000  29000  31000  30000  43000  31000  29000  29000 
1669074294         41000  31000  32000  30000  31000  32000  31000  30000  31000  31000  30000  30000  30000  30000  31000  30000  29000  30000  29000  31000  30000  43000  30000  29000  29000 
1669074305         41000  31000  31000  29000  31000  32000  31000  30000  31000  31000  29000  30000  30000  30000  32000  30000  30000  30000  29000  31000  30000  43000  30000  29000  29000 
