TIME                CPU0  Core0  Core1  Core2  Core3  Core4  Core5  Core8  Core9 Core10 Core11 Core12 Core13 Core16 Core17 Core18 Core19 Core20 Core21 Core24 Core25 Core26 Core27 Core28 Core29
1669072351         55000  52000  52000  52000  53000  54000  56000  50000  52000  51000  52000  52000  51000  51000  51000  53000  53000  53000  51000  50000  50000  50000  50000  51000  48000 
1669072361         55000  51000  51000  50000  51000  52000  54000  48000  50000  49000  50000  51000  50000  49000  50000  52000  52000  51000  50000  48000  48000  49000  49000  49000  47000 
1669072371         53000  50000  50000  50000  50000  51000  54000  48000  49000  48000  48000  49000  49000  49000  48000  50000  51000  50000  49000  47000  47000  48000  48000  48000  46000 
1669072382         52000  49000  49000  49000  49000  50000  52000  47000  48000  47000  47000  48000  47000  47000  48000  49000  50000  49000  48000  46000  46000  47000  47000  47000  44000 
1669072392         51000  48000  48000  47000  48000  49000  51000  46000  47000  46000  47000  47000  46000  47000  47000  49000  49000  48000  47000  45000  45000  46000  46000  47000  44000 
1669072402         50000  47000  47000  47000  47000  49000  51000  45000  46000  46000  46000  46000  45000  46000  46000  48000  48000  47000  46000  44000  44000  45000  45000  46000  42000 
1669072412         50000  46000  47000  46000  46000  48000  51000  45000  45000  45000  45000  45000  45000  45000  45000  47000  47000  46000  46000  44000  43000  45000  45000  45000  42000 
1669072423         50000  46000  46000  46000  46000  48000  50000  44000  46000  44000  44000  45000  44000  45000  44000  47000  47000  46000  45000  43000  43000  44000  44000  44000  41000 
1669072433         48000  45000  45000  45000  45000  46000  49000  43000  45000  44000  44000  44000  44000  44000  44000  46000  46000  46000  44000  42000  42000  43000  44000  44000  41000 
1669072443         49000  45000  45000  44000  45000  46000  48000  43000  44000  43000  43000  44000  43000  44000  44000  45000  46000  45000  44000  42000  42000  43000  43000  43000  40000 
1669072453         47000  45000  45000  44000  45000  45000  48000  43000  44000  43000  43000  43000  43000  43000  44000  45000  45000  45000  44000  42000  41000  43000  43000  43000  40000 
1669072464         47000  44000  44000  44000  44000  46000  48000  42000  44000  42000  43000  43000  43000  43000  43000  45000  45000  44000  43000  42000  41000  42000  42000  42000  40000 
1669072474         46000  44000  44000  44000  44000  44000  47000  42000  43000  42000  42000  43000  42000  43000  43000  44000  45000  44000  43000  41000  41000  42000  42000  42000  39000 
1669072484         47000  43000  44000  43000  44000  44000  47000  41000  43000  42000  42000  42000  42000  42000  42000  44000  44000  43000  43000  41000  41000  42000  42000  42000  39000 
1669072495         47000  43000  44000  43000  43000  45000  48000  41000  43000  42000  42000  42000  42000  42000  42000  44000  44000  43000  43000  41000  40000  41000  42000  42000  39000 
1669072505         46000  43000  43000  42000  43000  45000  47000  41000  43000  42000  42000  42000  41000  42000  42000  44000  45000  43000  43000  41000  40000  41000  41000  42000  39000 
1669072515         46000  43000  43000  43000  44000  44000  47000  41000  43000  42000  42000  42000  41000  42000  42000  44000  44000  43000  42000  40000  40000  41000  42000  41000  38000 
1669072525         47000  43000  43000  43000  44000  44000  46000  40000  42000  41000  42000  41000  41000  42000  42000  43000  44000  43000  42000  40000  40000  41000  41000  41000  38000 
1669072536         46000  42000  43000  43000  43000  44000  47000  39000  42000  41000  42000  41000  41000  41000  41000  43000  44000  42000  42000  40000  40000  41000  41000  41000  38000 
1669072546         45000  42000  43000  42000  43000  43000  45000  39000  42000  40000  41000  41000  40000  41000  41000  43000  43000  42000  42000  39000  40000  41000  41000  41000  38000 
1669072556         45000  42000  42000  42000  42000  43000  45000  39000  41000  40000  41000  41000  40000  41000  41000  43000  43000  42000  41000  39000  40000  40000  40000  41000  38000 
1669072566         46000  42000  42000  43000  42000  43000  46000  39000  41000  40000  41000  41000  40000  41000  41000  42000  43000  42000  41000  39000  39000  40000  40000  40000  37000 
1669072577         46000  42000  42000  42000  42000  43000  47000  39000  41000  40000  41000  41000  40000  41000  41000  43000  43000  42000  41000  39000  40000  40000  40000  40000  37000 
1669072587         46000  42000  42000  42000  42000  43000  46000  39000  41000  40000  41000  40000  40000  41000  41000  42000  43000  42000  40000  39000  39000  40000  40000  40000  37000 
1669072597         45000  41000  42000  41000  41000  43000  45000  38000  41000  40000  40000  41000  39000  40000  40000  42000  43000  41000  40000  39000  39000  40000  40000  40000  37000 
1669072608         45000  41000  42000  42000  42000  42000  44000  38000  41000  40000  40000  40000  39000  40000  40000  42000  43000  42000  40000  38000  38000  39000  39000  40000  37000 
1669072618         44000  41000  41000  41000  42000  43000  44000  38000  40000  40000  40000  40000  39000  40000  40000  42000  42000  41000  39000  38000  38000  39000  39000  40000  36000 
1669072628         45000  41000  41000  42000  41000  42000  45000  38000  40000  39000  40000  40000  39000  40000  40000  42000  42000  41000  39000  38000  38000  39000  39000  39000  36000 
1669072638         44000  41000  41000  41000  41000  42000  44000  38000  40000  39000  40000  40000  39000  39000  40000  41000  42000  40000  39000  38000  38000  39000  39000  39000  36000 
1669072649         44000  41000  41000  41000  42000  42000  44000  39000  40000  40000  41000  40000  40000  40000  40000  43000  42000  42000  41000  39000  39000  39000  39000  39000  38000 
1669072659         43000  41000  41000  41000  41000  42000  44000  38000  40000  40000  41000  41000  39000  40000  40000  42000  42000  42000  41000  38000  39000  39000  39000  39000  37000 
1669072669         44000  41000  41000  41000  41000  42000  43000  38000  40000  40000  41000  40000  40000  39000  40000  42000  42000  42000  40000  39000  38000  39000  39000  39000  38000 
1669072679         45000  41000  42000  42000  42000  43000  45000  38000  40000  40000  41000  41000  40000  40000  41000  42000  42000  42000  41000  39000  39000  40000  40000  40000  37000 
1669072690         44000  41000  42000  41000  41000  43000  44000  38000  41000  40000  41000  41000  39000  40000  41000  42000  43000  42000  41000  38000  39000  40000  40000  40000  37000 
1669072700         45000  41000  42000  41000  41000  42000  44000  39000  41000  41000  41000  40000  40000  40000  40000  42000  43000  42000  41000  39000  39000  40000  40000  40000  37000 
1669072710         44000  41000  42000  41000  42000  42000  44000  38000  40000  41000  41000  41000  39000  40000  40000  42000  42000  42000  40000  38000  39000  40000  40000  40000  37000 
1669072721         44000  42000  42000  41000  42000  42000  44000  39000  41000  41000  41000  40000  40000  40000  40000  43000  43000  41000  40000  39000  39000  40000  40000  40000  37000 
1669072731         44000  41000  42000  42000  42000  43000  44000  39000  41000  41000  41000  41000  40000  40000  40000  42000  43000  42000  41000  39000  39000  40000  40000  40000  37000 
1669072741         45000  41000  41000  41000  42000  43000  45000  38000  41000  41000  41000  41000  40000  40000  40000  43000  42000  41000  41000  38000  39000  40000  40000  40000  37000 
1669072751         45000  41000  42000  41000  42000  43000  45000  39000  41000  41000  41000  41000  40000  40000  40000  42000  42000  42000  40000  38000  39000  40000  40000  40000  37000 
1669072762         44000  41000  42000  41000  42000  42000  44000  39000  41000  41000  41000  41000  40000  40000  40000  42000  42000  41000  40000  38000  39000  40000  39000  40000  37000 
1669072772         44000  41000  41000  41000  41000  42000  44000  38000  41000  40000  41000  41000  39000  40000  40000  42000  42000  42000  40000  39000  39000  40000  40000  40000  37000 
1669072782         44000  41000  42000  41000  41000  42000  44000  39000  41000  40000  41000  40000  40000  40000  40000  43000  43000  41000  41000  39000  39000  39000  40000  40000  37000 
1669072792         44000  41000  42000  41000  42000  42000  44000  39000  41000  41000  41000  40000  39000  40000  40000  42000  42000  41000  40000  38000  39000  40000  40000  40000  37000 
1669072803         44000  41000  42000  41000  42000  42000  45000  39000  41000  41000  42000  41000  39000  40000  40000  43000  42000  42000  41000  39000  39000  39000  40000  40000  37000 
1669072813         45000  41000  42000  41000  42000  43000  45000  38000  41000  40000  41000  41000  39000  40000  40000  42000  42000  41000  40000  38000  38000  40000  39000  40000  37000 
1669072823         43000  41000  42000  41000  42000  43000  43000  38000  41000  40000  41000  41000  39000  40000  40000  42000  42000  41000  41000  38000  38000  40000  40000  40000  37000 
1669072833         44000  41000  42000  41000  42000  42000  44000  38000  40000  40000  41000  41000  39000  40000  40000  42000  42000  42000  40000  39000  39000  39000  40000  40000  37000 
1669072844         44000  41000  42000  42000  41000  42000  44000  38000  41000  40000  41000  40000  39000  40000  40000  42000  42000  41000  41000  38000  39000  40000  40000  40000  37000 
1669072854         45000  41000  42000  41000  42000  43000  45000  38000  40000  41000  41000  40000  39000  40000  40000  42000  42000  41000  40000  38000  39000  39000  39000  40000  37000 
1669072864         44000  41000  41000  41000  41000  43000  44000  38000  41000  40000  41000  40000  39000  40000  40000  42000  42000  41000  40000  38000  38000  39000  39000  40000  37000 
1669072875         45000  40000  41000  42000  41000  43000  45000  38000  40000  40000  41000  40000  39000  40000  40000  42000  42000  41000  40000  38000  38000  39000  40000  40000  37000 
1669072885         44000  41000  41000  41000  41000  42000  44000  38000  40000  41000  41000  40000  39000  39000  40000  42000  42000  41000  40000  38000  38000  39000  40000  40000  37000 
1669072895         44000  40000  41000  41000  41000  42000  43000  38000  40000  40000  41000  40000  39000  40000  40000  42000  42000  41000  40000  38000  39000  39000  39000  39000  36000 
1669072905         44000  40000  41000  41000  41000  42000  44000  39000  41000  40000  41000  40000  39000  39000  40000  42000  42000  41000  39000  38000  38000  39000  39000  39000  36000 
1669072916         44000  40000  41000  41000  42000  42000  44000  38000  39000  40000  41000  40000  39000  39000  40000  41000  42000  41000  39000  38000  38000  39000  39000  39000  36000 
1669072926         43000  40000  41000  40000  41000  42000  43000  37000  39000  39000  40000  40000  39000  39000  39000  41000  41000  40000  39000  38000  38000  39000  39000  39000  36000 
1669072936         43000  40000  41000  41000  41000  42000  42000  37000  39000  40000  40000  40000  39000  39000  39000  41000  41000  40000  39000  37000  38000  39000  39000  39000  36000 
1669072946         43000  41000  41000  41000  41000  43000  43000  38000  40000  40000  40000  40000  40000  39000  39000  41000  42000  41000  40000  38000  38000  39000  39000  39000  37000 
1669072957         44000  40000  41000  40000  41000  42000  44000  39000  40000  40000  40000  40000  40000  39000  40000  41000  42000  41000  40000  38000  38000  39000  39000  39000  37000 
1669072967         44000  40000  41000  41000  41000  42000  44000  39000  39000  40000  40000  40000  39000  40000  40000  41000  42000  41000  40000  38000  38000  39000  38000  39000  37000 
1669072977         44000  41000  41000  41000  42000  42000  44000  39000  40000  40000  41000  40000  39000  40000  40000  42000  42000  41000  40000  39000  38000  39000  39000  39000  37000 
1669072988         44000  41000  41000  41000  42000  42000  44000  38000  39000  40000  41000  40000  39000  40000  40000  42000  42000  41000  40000  38000  38000  39000  39000  40000  36000 
1669072998         45000  40000  41000  41000  42000  42000  45000  38000  39000  40000  41000  40000  39000  39000  40000  41000  42000  41000  40000  38000  38000  39000  39000  39000  37000 
1669073008         44000  41000  41000  41000  42000  42000  45000  38000  40000  40000  41000  40000  39000  40000  40000  41000  42000  41000  40000  38000  38000  39000  39000  40000  36000 
1669073018         44000  40000  41000  41000  41000  42000  43000  38000  40000  40000  41000  40000  39000  40000  40000  42000  42000  41000  40000  38000  38000  39000  40000  40000  37000 
1669073029         53000  53000  41000  41000  41000  42000  42000  39000  40000  40000  41000  40000  40000  41000  40000  42000  42000  41000  40000  39000  39000  40000  40000  40000  37000 
1669073039         53000  53000  42000  42000  42000  42000  42000  39000  40000  41000  41000  41000  40000  41000  41000  43000  43000  41000  41000  39000  39000  40000  40000  40000  37000 
1669073049         54000  53000  42000  41000  42000  42000  42000  39000  41000  41000  41000  41000  40000  41000  41000  43000  43000  41000  41000  39000  39000  41000  40000  40000  37000 
1669073059         53000  53000  42000  41000  42000  42000  42000  39000  41000  41000  42000  41000  40000  42000  41000  43000  43000  42000  41000  39000  39000  40000  40000  40000  37000 
1669073070         45000  44000  43000  43000  43000  43000  42000  39000  41000  41000  42000  41000  41000  41000  41000  43000  43000  42000  41000  39000  39000  40000  40000  41000  37000 
1669073080         44000  41000  41000  43000  44000  43000  42000  39000  41000  41000  41000  41000  40000  40000  40000  42000  43000  42000  41000  38000  39000  39000  40000  40000  37000 
1669073090         52000  41000  41000  41000  42000  42000  42000  40000  41000  40000  40000  41000  40000  40000  40000  42000  42000  42000  41000  53000  40000  40000  40000  40000  37000 
1669073100         52000  41000  42000  41000  41000  42000  42000  40000  41000  40000  41000  40000  39000  40000  40000  42000  42000  42000  41000  52000  39000  40000  40000  40000  37000 
1669073111         52000  41000  41000  41000  41000  41000  41000  40000  40000  40000  40000  40000  39000  40000  40000  42000  42000  41000  40000  52000  39000  39000  39000  39000  37000 
1669073121         52000  41000  41000  40000  41000  42000  41000  40000  40000  39000  40000  40000  39000  39000  40000  42000  42000  41000  40000  52000  39000  39000  40000  39000  37000 
1669073131         44000  40000  41000  41000  41000  43000  45000  37000  39000  39000  39000  40000  39000  39000  39000  41000  41000  41000  40000  38000  38000  39000  39000  38000  36000 
1669073141         44000  40000  40000  41000  40000  42000  44000  37000  38000  38000  39000  39000  38000  38000  39000  41000  41000  40000  40000  37000  37000  38000  39000  38000  36000 
1669073152         44000  40000  40000  40000  40000  41000  44000  37000  38000  38000  39000  39000  38000  38000  39000  40000  41000  40000  39000  37000  37000  38000  38000  37000  36000 
1669073162         43000  40000  40000  40000  40000  41000  43000  36000  38000  38000  38000  38000  38000  38000  39000  40000  41000  40000  39000  36000  37000  38000  38000  37000  35000 
1669073172         44000  39000  39000  40000  41000  41000  44000  36000  37000  38000  39000  39000  38000  38000  39000  40000  41000  40000  39000  36000  36000  38000  38000  37000  35000 
1669073183         44000  39000  40000  39000  41000  41000  44000  36000  38000  38000  39000  38000  38000  37000  38000  40000  40000  40000  39000  36000  36000  38000  38000  37000  35000 
1669073193         43000  39000  40000  39000  40000  41000  44000  36000  38000  38000  38000  38000  37000  37000  38000  40000  40000  39000  38000  36000  37000  37000  37000  37000  35000 
1669073203         43000  39000  39000  39000  39000  41000  43000  36000  37000  37000  38000  38000  37000  37000  38000  40000  40000  39000  37000  36000  36000  37000  37000  37000  35000 
1669073213         43000  39000  39000  39000  40000  41000  43000  36000  37000  37000  38000  38000  37000  37000  38000  39000  40000  39000  37000  36000  35000  37000  37000  37000  35000 
1669073224         42000  39000  39000  39000  39000  40000  43000  36000  37000  37000  38000  38000  37000  37000  38000  39000  40000  39000  37000  36000  36000  37000  37000  37000  34000 
1669073234         42000  39000  39000  39000  39000  40000  42000  36000  37000  37000  38000  37000  36000  37000  38000  39000  40000  39000  37000  36000  36000  37000  37000  36000  34000 
1669073244         42000  40000  40000  39000  40000  40000  42000  38000  39000  38000  39000  39000  38000  38000  38000  39000  40000  40000  38000  37000  36000  37000  37000  38000  35000 
1669073254         43000  40000  41000  39000  40000  41000  43000  38000  39000  39000  39000  39000  38000  38000  39000  40000  40000  40000  39000  38000  37000  38000  38000  38000  36000 
1669073265         42000  40000  40000  40000  40000  41000  43000  38000  40000  39000  40000  39000  38000  39000  39000  40000  41000  40000  39000  38000  38000  38000  38000  38000  36000 
1669073275         43000  40000  40000  40000  41000  41000  43000  38000  39000  39000  40000  39000  38000  39000  39000  41000  41000  40000  39000  39000  37000  38000  38000  38000  36000 
1669073285         42000  41000  40000  40000  41000  41000  43000  39000  40000  39000  40000  39000  38000  39000  39000  41000  41000  40000  40000  39000  38000  39000  38000  38000  36000 
1669073296         44000  41000  41000  41000  41000  42000  44000  38000  39000  40000  40000  39000  39000  39000  40000  41000  41000  40000  39000  39000  38000  38000  39000  39000  36000 
1669073306         43000  41000  41000  41000  41000  42000  43000  38000  39000  39000  40000  40000  39000  39000  39000  41000  42000  41000  40000  39000  38000  39000  39000  39000  37000 
1669073316         43000  41000  41000  41000  41000  42000  43000  38000  39000  40000  40000  40000  39000  39000  40000  41000  41000  41000  40000  39000  38000  39000  39000  39000  36000 
1669073326         43000  42000  41000  41000  41000  42000  44000  38000  40000  40000  41000  40000  39000  39000  40000  41000  42000  41000  40000  39000  38000  39000  39000  39000  36000 
1669073337         44000  41000  42000  41000  41000  42000  44000  38000  40000  40000  40000  40000  39000  39000  40000  42000  42000  41000  40000  39000  38000  39000  39000  40000  36000 
1669073347         43000  42000  41000  41000  41000  42000  43000  38000  40000  40000  41000  40000  39000  39000  40000  41000  41000  41000  40000  39000  38000  39000  39000  39000  36000 
1669073357         43000  41000  41000  40000  41000  42000  43000  38000  39000  40000  40000  40000  40000  40000  40000  42000  42000  41000  40000  39000  38000  39000  39000  40000  37000 
1669073367         44000  42000  41000  41000  41000  42000  44000  38000  40000  40000  41000  41000  40000  39000  40000  42000  42000  41000  40000  40000  38000  39000  39000  39000  37000 
1669073378         43000  41000  41000  41000  41000  42000  43000  38000  40000  40000  41000  41000  39000  39000  40000  41000  42000  41000  40000  39000  38000  39000  39000  40000  37000 
1669073388         44000  41000  42000  41000  41000  43000  44000  38000  40000  40000  41000  40000  40000  40000  40000  42000  42000  41000  40000  39000  38000  39000  39000  40000  37000 
1669073398         44000  41000  41000  41000  41000  42000  44000  39000  39000  40000  41000  41000  39000  40000  40000  42000  42000  41000  40000  39000  38000  39000  39000  39000  37000 
1669073409         44000  42000  42000  42000  41000  43000  44000  39000  40000  40000  41000  40000  39000  39000  40000  42000  42000  41000  40000  39000  39000  39000  40000  40000  37000 
1669073419         45000  42000  42000  41000  42000  43000  45000  38000  40000  40000  41000  40000  40000  40000  40000  42000  42000  41000  41000  39000  39000  39000  40000  40000  37000 
1669073429         45000  42000  42000  41000  42000  42000  44000  38000  40000  40000  41000  40000  40000  40000  40000  42000  42000  41000  40000  39000  38000  39000  40000  40000  37000 
1669073439         44000  42000  41000  41000  41000  42000  44000  39000  40000  41000  41000  40000  40000  40000  40000  42000  42000  41000  40000  40000  38000  40000  40000  40000  37000 
1669073450         44000  42000  41000  41000  41000  43000  43000  39000  40000  40000  41000  40000  39000  40000  40000  42000  42000  41000  41000  39000  38000  39000  40000  40000  37000 
1669073460         44000  42000  41000  41000  41000  43000  45000  39000  40000  40000  41000  40000  40000  40000  40000  42000  42000  41000  40000  39000  38000  39000  39000  40000  37000 
1669073470         45000  42000  42000  41000  42000  43000  45000  39000  40000  40000  41000  40000  40000  40000  40000  42000  42000  41000  40000  39000  38000  39000  40000  40000  37000 
1669073480         44000  42000  41000  41000  41000  43000  44000  38000  40000  40000  41000  40000  39000  40000  40000  41000  42000  41000  40000  39000  38000  39000  40000  40000  37000 
1669073491         44000  42000  41000  41000  41000  42000  44000  38000  40000  40000  41000  40000  40000  40000  40000  42000  42000  41000  40000  40000  38000  40000  40000  40000  37000 
1669073501         45000  41000  41000  41000  41000  43000  45000  38000  40000  40000  41000  40000  39000  40000  40000  42000  42000  41000  39000  39000  38000  39000  40000  40000  36000 
1669073511         44000  41000  41000  41000  41000  42000  44000  39000  40000  40000  41000  40000  39000  40000  40000  42000  42000  41000  39000  39000  38000  39000  39000  39000  37000 
1669073521         44000  41000  41000  41000  41000  41000  44000  39000  40000  40000  41000  40000  39000  40000  40000  41000  42000  41000  39000  39000  38000  40000  40000  39000  37000 
1669073532         45000  41000  41000  41000  41000  42000  45000  38000  39000  40000  41000  40000  39000  39000  40000  42000  42000  41000  39000  39000  38000  39000  39000  40000  36000 
1669073542         43000  41000  41000  41000  41000  42000  44000  38000  39000  40000  41000  40000  39000  39000  40000  42000  42000  41000  39000  39000  38000  39000  39000  39000  37000 
1669073552         43000  42000  41000  41000  42000  43000  44000  39000  41000  40000  41000  41000  41000  40000  40000  42000  42000  42000  40000  40000  39000  39000  39000  40000  38000 
1669073563         44000  42000  41000  41000  41000  43000  43000  39000  41000  40000  41000  41000  41000  40000  40000  42000  42000  42000  40000  40000  39000  40000  39000  40000  38000 
1669073573         43000  42000  42000  41000  41000  43000  44000  39000  40000  40000  41000  41000  41000  40000  40000  42000  42000  42000  41000  39000  39000  39000  39000  40000  38000 
1669073583         44000  42000  41000  41000  41000  42000  43000  39000  41000  40000  41000  40000  40000  40000  40000  42000  42000  41000  40000  39000  39000  39000  39000  40000  38000 
1669073593         44000  42000  42000  41000  41000  42000  44000  39000  40000  40000  41000  41000  40000  40000  40000  42000  42000  41000  40000  39000  38000  39000  39000  40000  37000 
1669073604         44000  42000  42000  41000  42000  42000  44000  39000  41000  40000  41000  40000  40000  40000  40000  42000  42000  41000  40000  39000  38000  39000  39000  40000  37000 
1669073614         44000  42000  42000  41000  42000  42000  44000  39000  40000  41000  41000  40000  40000  40000  40000  42000  42000  41000  40000  39000  39000  39000  39000  40000  37000 
1669073624         44000  42000  42000  42000  41000  42000  43000  39000  41000  41000  41000  41000  40000  40000  41000  43000  42000  41000  41000  40000  39000  40000  39000  40000  37000 
1669073635         44000  42000  42000  41000  41000  43000  44000  38000  41000  40000  41000  40000  40000  40000  40000  42000  42000  41000  40000  39000  39000  40000  39000  40000  37000 
1669073645         44000  42000  42000  42000  42000  42000  44000  39000  41000  41000  41000  41000  40000  40000  40000  42000  42000  41000  40000  39000  39000  40000  40000  40000  37000 
1669073655         44000  42000  42000  42000  41000  42000  44000  39000  41000  41000  41000  41000  40000  40000  40000  43000  42000  42000  41000  40000  39000  40000  40000  40000  37000 
1669073665         44000  42000  42000  41000  42000  42000  45000  39000  40000  41000  41000  41000  40000  40000  40000  42000  42000  42000  40000  40000  39000  40000  40000  40000  37000 
1669073676         45000  42000  42000  42000  41000  43000  45000  39000  41000  41000  41000  41000  40000  40000  40000  42000  43000  41000  40000  40000  39000  40000  40000  40000  37000 
1669073686         45000  42000  42000  42000  42000  43000  45000  39000  41000  41000  41000  41000  40000  41000  40000  43000  43000  42000  41000  39000  39000  40000  40000  40000  37000 
1669073696         44000  42000  42000  41000  42000  42000  44000  39000  41000  41000  41000  41000  40000  41000  41000  42000  43000  42000  41000  40000  39000  40000  40000  40000  37000 
1669073706         44000  42000  42000  41000  41000  42000  44000  39000  40000  41000  41000  41000  40000  40000  40000  42000  42000  42000  40000  39000  39000  39000  39000  39000  37000 
1669073717         44000  42000  42000  41000  42000  42000  45000  39000  41000  41000  41000  41000  39000  40000  40000  42000  42000  42000  40000  40000  39000  39000  40000  39000  37000 
1669073727         45000  42000  42000  41000  42000  43000  45000  39000  41000  41000  41000  41000  40000  41000  41000  42000  42000  42000  41000  40000  39000  39000  40000  40000  37000 
1669073737         44000  42000  42000  42000  41000  42000  44000  39000  41000  41000  41000  41000  40000  40000  40000  42000  42000  41000  41000  39000  39000  40000  40000  40000  37000 
1669073747         44000  42000  42000  42000  42000  42000  44000  39000  40000  41000  41000  41000  40000  40000  40000  42000  42000  42000  40000  40000  39000  39000  39000  40000  37000 
1669073758         44000  42000  42000  41000  42000  43000  45000  39000  41000  41000  42000  41000  40000  40000  40000  42000  42000  42000  40000  40000  39000  40000  40000  40000  37000 
1669073768         44000  42000  42000  41000  41000  43000  44000  39000  40000  40000  41000  40000  39000  40000  40000  42000  42000  41000  40000  39000  38000  39000  39000  39000  37000 
1669073778         44000  42000  42000  41000  41000  42000  44000  39000  41000  40000  41000  40000  39000  40000  40000  42000  42000  41000  40000  39000  38000  39000  39000  39000  37000 
1669073789         44000  41000  42000  41000  42000  42000  45000  39000  41000  41000  41000  41000  40000  40000  40000  42000  42000  41000  40000  40000  39000  40000  40000  39000  37000 
1669073799         44000  42000  41000  41000  41000  42000  44000  39000  40000  41000  41000  40000  39000  40000  40000  42000  42000  41000  39000  40000  39000  40000  40000  40000  37000 
1669073809         44000  42000  42000  41000  41000  42000  43000  39000  41000  40000  41000  40000  39000  40000  40000  42000  42000  41000  40000  40000  39000  40000  39000  39000  37000 
1669073819         44000  42000  42000  41000  41000  42000  44000  39000  41000  40000  41000  40000  40000  40000  40000  42000  42000  41000  39000  39000  39000  40000  39000  39000  37000 
1669073830         44000  41000  41000  41000  41000  42000  43000  39000  41000  41000  41000  40000  40000  40000  40000  42000  42000  41000  39000  39000  38000  39000  39000  39000  37000 
1669073840         44000  41000  41000  41000  41000  42000  44000  39000  40000  40000  41000  40000  39000  40000  40000  41000  43000  41000  39000  39000  39000  39000  39000  39000  37000 
1669073850         43000  42000  41000  42000  42000  43000  43000  39000  40000  40000  41000  41000  40000  40000  40000  42000  42000  42000  41000  39000  39000  39000  39000  40000  38000 
1669073860         44000  42000  41000  41000  41000  42000  43000  39000  40000  40000  41000  40000  40000  39000  40000  42000  42000  42000  40000  39000  39000  40000  39000  40000  38000 
1669073871         43000  42000  42000  41000  42000  42000  43000  39000  40000  40000  41000  40000  40000  40000  40000  41000  42000  42000  40000  40000  39000  39000  39000  40000  38000 
1669073881         44000  42000  41000  41000  42000  43000  44000  39000  41000  40000  41000  40000  40000  40000  40000  42000  42000  41000  40000  40000  38000  39000  39000  40000  38000 
1669073891         44000  42000  41000  41000  42000  42000  44000  39000  40000  40000  41000  41000  40000  40000  40000  42000  43000  41000  40000  39000  38000  39000  40000  40000  38000 
1669073902         45000  42000  41000  41000  42000  42000  45000  39000  40000  40000  41000  40000  41000  40000  40000  42000  42000  41000  40000  39000  38000  39000  39000  40000  37000 
1669073912         44000  41000  41000  41000  42000  42000  45000  38000  40000  40000  41000  41000  40000  40000  40000  41000  42000  41000  40000  39000  38000  39000  39000  39000  37000 
1669073922         44000  42000  41000  41000  41000  42000  44000  38000  40000  40000  41000  40000  39000  39000  40000  42000  42000  41000  40000  39000  38000  39000  39000  39000  37000 
1669073932         44000  42000  41000  41000  42000  42000  44000  39000  40000  40000  41000  40000  39000  40000  40000  42000  42000  42000  40000  39000  38000  39000  39000  40000  37000 
1669073943         44000  42000  42000  41000  41000  42000  44000  39000  41000  40000  41000  40000  39000  40000  40000  42000  42000  41000  40000  40000  39000  39000  39000  40000  37000 
1669073953         44000  42000  42000  41000  41000  43000  44000  40000  41000  40000  41000  40000  40000  40000  40000  42000  42000  42000  40000  39000  39000  39000  40000  40000  37000 
1669073963         44000  42000  42000  41000  42000  42000  45000  39000  40000  40000  41000  40000  40000  41000  40000  42000  42000  42000  40000  40000  38000  39000  40000  40000  37000 
1669073973         44000  42000  42000  41000  42000  42000  44000  38000  40000  40000  41000  40000  39000  40000  40000  42000  42000  41000  40000  39000  39000  39000  40000  40000  37000 
1669073984         44000  42000  42000  41000  41000  42000  43000  39000  39000  40000  41000  40000  39000  40000  40000  42000  42000  41000  40000  39000  39000  39000  39000  40000  37000 
1669073994         45000  42000  41000  41000  42000  42000  45000  39000  40000  40000  41000  40000  40000  40000  40000  42000  42000  42000  40000  39000  38000  39000  40000  40000  37000 
1669074004         44000  42000  42000  41000  41000  42000  44000  39000  40000  40000  41000  41000  39000  40000  40000  42000  42000  41000  40000  39000  38000  39000  40000  40000  37000 
1669074015         43000  42000  42000  41000  42000  42000  44000  39000  40000  40000  41000  40000  40000  40000  40000  42000  42000  41000  40000  40000  38000  39000  39000  40000  37000 
1669074025         44000  41000  42000  40000  42000  43000  44000  39000  40000  40000  41000  40000  39000  40000  40000  42000  42000  41000  40000  40000  38000  39000  40000  40000  37000 
1669074035         44000  41000  42000  41000  41000  42000  44000  38000  40000  40000  41000  41000  40000  40000  40000  42000  42000  41000  40000  39000  38000  39000  40000  40000  37000 
1669074045         43000  41000  41000  41000  41000  43000  44000  39000  40000  40000  41000  40000  39000  39000  40000  42000  42000  41000  41000  39000  38000  39000  39000  40000  37000 
1669074056         44000  41000  41000  41000  41000  42000  44000  38000  39000  40000  41000  40000  39000  39000  40000  42000  42000  41000  40000  39000  38000  39000  39000  39000  37000 
1669074066         44000  41000  41000  41000  41000  42000  45000  38000  40000  40000  41000  40000  39000  39000  40000  42000  42000  41000  40000  39000  39000  39000  39000  39000  37000 
1669074076         43000  41000  41000  41000  41000  42000  44000  38000  40000  40000  41000  40000  39000  39000  40000  42000  42000  41000  40000  39000  38000  39000  39000  40000  37000 
1669074086         44000  41000  41000  41000  41000  42000  45000  39000  40000  40000  41000  40000  39000  40000  40000  42000  42000  41000  40000  39000  38000  40000  39000  39000  37000 
1669074097         44000  41000  41000  41000  41000  42000  44000  39000  39000  40000  41000  40000  39000  39000  40000  42000  42000  41000  39000  39000  38000  39000  40000  39000  36000 
1669074107         43000  40000  41000  41000  41000  42000  43000  38000  39000  40000  40000  40000  39000  39000  40000  42000  42000  41000  39000  39000  38000  39000  39000  39000  36000 
1669074117         43000  41000  41000  41000  41000  42000  43000  38000  39000  40000  40000  40000  39000  39000  39000  41000  42000  41000  39000  39000  38000  39000  39000  39000  36000 
1669074127         43000  41000  41000  40000  41000  42000  43000  38000  39000  40000  41000  40000  39000  39000  40000  42000  42000  41000  39000  39000  38000  39000  39000  39000  36000 
1669074138         43000  40000  41000  40000  41000  42000  43000  38000  40000  40000  41000  40000  39000  39000  40000  41000  42000  41000  39000  39000  38000  39000  39000  39000  36000 
1669074148         43000  42000  41000  41000  42000  42000  44000  39000  40000  40000  41000  41000  41000  40000  40000  42000  42000  42000  41000  39000  39000  39000  39000  40000  38000 
1669074158         43000  42000  41000  41000  42000  42000  43000  39000  40000  40000  41000  41000  40000  40000  40000  42000  42000  42000  41000  39000  39000  39000  39000  40000  38000 
1669074169         44000  41000  41000  41000  41000  43000  44000  39000  40000  40000  41000  41000  40000  40000  40000  42000  42000  42000  41000  39000  39000  39000  39000  40000  37000 
1669074179         45000  42000  42000  41000  42000  43000  45000  39000  40000  40000  41000  41000  40000  40000  40000  42000  42000  42000  41000  39000  38000  39000  39000  40000  37000 
1669074189         44000  42000  41000  40000  41000  42000  44000  39000  40000  40000  41000  41000  39000  40000  40000  42000  42000  41000  40000  39000  38000  39000  39000  39000  37000 
1669074199         43000  42000  41000  41000  42000  42000  44000  38000  39000  40000  40000  41000  39000  39000  40000  42000  42000  41000  40000  39000  38000  39000  39000  39000  37000 
1669074210         43000  42000  41000  41000  42000  42000  43000  38000  39000  40000  40000  41000  39000  40000  40000  42000  42000  41000  40000  39000  38000  39000  39000  40000  37000 
1669074220         44000  41000  41000  41000  42000  42000  45000  38000  39000  40000  41000  41000  40000  39000  40000  42000  42000  41000  40000  39000  38000  39000  39000  39000  37000 
1669074230         43000  42000  41000  41000  41000  42000  44000  39000  39000  40000  40000  40000  40000  40000  40000  42000  42000  41000  41000  39000  38000  39000  39000  39000  37000 
1669074241         44000  42000  41000  42000  41000  42000  45000  38000  39000  40000  41000  40000  40000  40000  40000  42000  42000  41000  40000  39000  38000  40000  39000  40000  37000 
1669074251         44000  42000  42000  41000  42000  42000  44000  38000  40000  40000  41000  40000  40000  40000  40000  42000  42000  41000  40000  40000  39000  39000  39000  40000  37000 
1669074261         44000  42000  42000  41000  42000  43000  44000  39000  40000  40000  41000  41000  40000  40000  40000  42000  42000  41000  40000  39000  39000  40000  39000  40000  37000 
1669074271         44000  42000  42000  41000  41000  42000  44000  39000  40000  40000  41000  41000  40000  40000  40000  42000  42000  41000  40000  39000  39000  39000  40000  40000  37000 
1669074282         46000  42000  42000  41000  41000  42000  46000  38000  40000  40000  41000  41000  40000  40000  40000  42000  43000  42000  40000  39000  39000  40000  40000  40000  37000 
1669074292         45000  42000  42000  41000  42000  43000  44000  39000  40000  40000  41000  41000  40000  40000  40000  42000  42000  42000  41000  39000  39000  40000  40000  40000  37000 
1669074302         45000  42000  42000  42000  41000  43000  45000  39000  40000  40000  41000  40000  39000  40000  40000  42000  43000  42000  40000  40000  38000  39000  40000  39000  37000 
1669074312         44000  42000  42000  41000  41000  42000  44000  39000  39000  40000  41000  40000  39000  40000  40000  42000  42000  41000  40000  40000  38000  38000  40000  39000  37000 
