TIME                CPU0  Core0  Core1  Core2  Core3  Core4  Core5  Core8  Core9 Core10 Core11 Core12 Core13 Core16 Core17 Core18 Core19 Core20 Core21 Core24 Core25 Core26 Core27 Core28 Core29
1669072351         50000  49000  48000  47000  47000  47000  47000  46000  45000  45000  47000  47000  47000  47000  46000  46000  47000  46000  47000  45000  44000  45000  45000  46000  46000 
1669072361         49000  47000  47000  46000  46000  46000  46000  44000  43000  45000  46000  45000  46000  46000  45000  45000  46000  46000  46000  43000  43000  44000  45000  45000  44000 
1669072371         48000  46000  46000  45000  45000  45000  45000  45000  43000  44000  45000  44000  45000  45000  44000  44000  44000  45000  45000  43000  42000  44000  44000  45000  43000 
1669072382         48000  45000  46000  44000  43000  44000  44000  43000  42000  43000  44000  43000  44000  44000  44000  43000  44000  44000  45000  42000  42000  43000  43000  43000  42000 
1669072392         47000  44000  45000  44000  43000  43000  44000  42000  41000  42000  43000  43000  44000  43000  43000  43000  43000  43000  45000  41000  41000  42000  42000  43000  42000 
1669072402         46000  44000  44000  44000  42000  43000  44000  41000  40000  41000  43000  42000  43000  43000  43000  42000  42000  42000  44000  41000  40000  42000  42000  42000  41000 
1669072412         45000  43000  44000  42000  42000  42000  42000  41000  40000  41000  42000  42000  42000  42000  42000  41000  42000  42000  43000  40000  40000  41000  41000  42000  40000 
1669072423         45000  42000  43000  42000  42000  42000  42000  41000  40000  40000  42000  41000  41000  42000  41000  41000  41000  41000  43000  40000  39000  41000  40000  41000  40000 
1669072433         44000  42000  43000  42000  41000  41000  42000  40000  39000  40000  41000  41000  41000  41000  41000  40000  41000  41000  42000  39000  39000  39000  40000  41000  40000 
1669072443         44000  41000  42000  41000  40000  41000  41000  39000  38000  39000  41000  40000  41000  41000  40000  40000  40000  40000  41000  39000  38000  39000  40000  41000  39000 
1669072453         43000  41000  41000  41000  39000  40000  40000  39000  38000  38000  40000  40000  40000  40000  40000  39000  39000  39000  40000  38000  37000  38000  39000  39000  38000 
1669072464         42000  40000  41000  39000  39000  40000  40000  38000  37000  38000  39000  38000  39000  39000  39000  38000  39000  39000  40000  38000  37000  38000  38000  39000  37000 
1669072474         42000  39000  40000  39000  38000  38000  39000  37000  36000  37000  39000  38000  38000  39000  38000  38000  38000  38000  39000  37000  36000  37000  37000  38000  37000 
1669072484         42000  39000  40000  39000  38000  38000  39000  38000  36000  37000  38000  38000  38000  38000  38000  37000  38000  38000  39000  36000  36000  36000  37000  38000  36000 
1669072495         41000  38000  39000  39000  37000  38000  39000  36000  36000  36000  38000  37000  37000  38000  37000  37000  37000  38000  38000  36000  35000  36000  37000  38000  35000 
1669072505         41000  38000  39000  38000  37000  37000  38000  36000  35000  36000  38000  37000  37000  38000  37000  37000  37000  37000  38000  36000  35000  36000  36000  37000  35000 
1669072515         41000  38000  39000  37000  37000  37000  38000  37000  35000  36000  38000  37000  37000  37000  37000  36000  37000  37000  38000  36000  35000  36000  36000  37000  35000 
1669072525         41000  38000  39000  37000  37000  37000  38000  36000  35000  36000  37000  36000  36000  37000  37000  36000  37000  37000  38000  36000  35000  35000  36000  37000  35000 
1669072536         41000  38000  39000  37000  36000  37000  37000  36000  35000  36000  37000  36000  36000  37000  37000  36000  37000  37000  38000  36000  34000  36000  36000  37000  35000 
1669072546         41000  38000  38000  38000  37000  37000  39000  36000  35000  36000  37000  36000  36000  38000  37000  36000  37000  37000  38000  36000  35000  36000  36000  37000  35000 
1669072556         41000  38000  39000  38000  37000  38000  38000  36000  35000  36000  38000  37000  36000  38000  37000  37000  37000  37000  38000  36000  34000  36000  37000  37000  35000 
1669072566         41000  38000  39000  37000  37000  37000  38000  36000  36000  36000  37000  37000  37000  38000  37000  37000  37000  37000  38000  36000  35000  36000  36000  37000  35000 
1669072577         41000  39000  39000  38000  37000  38000  39000  36000  36000  36000  37000  37000  37000  38000  37000  37000  37000  38000  38000  36000  35000  36000  36000  37000  35000 
1669072587         41000  38000  39000  38000  37000  38000  38000  36000  36000  36000  38000  37000  36000  38000  37000  37000  37000  37000  38000  36000  35000  36000  36000  37000  35000 
1669072597         41000  38000  39000  38000  37000  37000  39000  37000  35000  37000  38000  37000  37000  38000  37000  37000  37000  37000  38000  36000  35000  36000  37000  38000  35000 
1669072607         41000  39000  39000  38000  37000  38000  38000  37000  36000  37000  38000  37000  37000  38000  37000  37000  37000  38000  39000  37000  36000  36000  37000  38000  35000 
1669072618         41000  39000  39000  38000  38000  38000  38000  36000  36000  36000  38000  37000  37000  38000  38000  37000  38000  37000  39000  36000  35000  36000  37000  38000  36000 
1669072628         42000  38000  39000  38000  37000  39000  39000  36000  36000  36000  38000  37000  37000  38000  37000  37000  38000  38000  39000  36000  35000  36000  37000  38000  35000 
1669072638         41000  39000  40000  38000  37000  38000  38000  36000  36000  36000  38000  37000  37000  38000  38000  37000  37000  37000  38000  36000  35000  36000  37000  38000  35000 
1669072649         41000  39000  39000  38000  38000  38000  37000  36000  35000  37000  38000  37000  37000  38000  37000  37000  37000  38000  38000  36000  35000  36000  37000  37000  36000 
1669072659         41000  38000  39000  38000  37000  37000  37000  35000  35000  36000  37000  37000  37000  37000  37000  37000  37000  37000  38000  35000  35000  35000  36000  37000  36000 
1669072669         40000  39000  38000  37000  37000  37000  38000  37000  35000  36000  37000  36000  36000  37000  37000  37000  37000  37000  38000  35000  34000  36000  36000  37000  35000 
1669072679         41000  38000  38000  37000  36000  36000  37000  35000  34000  35000  37000  35000  35000  37000  37000  36000  36000  36000  37000  35000  34000  35000  35000  36000  35000 
1669072690         40000  37000  38000  37000  36000  36000  37000  35000  34000  35000  37000  35000  35000  36000  36000  35000  36000  36000  37000  35000  34000  35000  35000  36000  35000 
1669072700         40000  37000  38000  37000  36000  36000  37000  35000  34000  35000  36000  35000  36000  36000  36000  35000  36000  36000  37000  35000  34000  35000  35000  36000  34000 
1669072710         39000  37000  38000  36000  36000  36000  37000  35000  34000  35000  36000  35000  35000  36000  36000  35000  36000  36000  36000  35000  33000  34000  35000  35000  34000 
1669072720         39000  37000  37000  37000  35000  36000  38000  35000  34000  35000  36000  35000  34000  36000  36000  35000  35000  35000  37000  34000  33000  34000  35000  36000  33000 
1669072731         39000  37000  38000  36000  36000  36000  36000  34000  34000  34000  36000  34000  35000  36000  36000  35000  35000  35000  36000  34000  34000  34000  35000  35000  33000 
1669072741         39000  36000  38000  37000  37000  36000  38000  35000  34000  35000  36000  35000  35000  36000  36000  35000  36000  35000  37000  35000  33000  35000  35000  36000  34000 
1669072751         40000  37000  38000  37000  36000  36000  37000  35000  34000  35000  36000  35000  35000  36000  36000  36000  36000  36000  37000  35000  34000  35000  35000  36000  34000 
1669072761         40000  37000  38000  37000  36000  36000  38000  35000  34000  35000  36000  35000  35000  36000  36000  35000  36000  36000  37000  35000  34000  35000  35000  36000  34000 
1669072772         40000  37000  38000  37000  36000  36000  37000  35000  35000  35000  36000  35000  35000  37000  36000  35000  36000  36000  37000  35000  34000  35000  35000  36000  34000 
1669072782         40000  37000  38000  37000  36000  36000  38000  35000  34000  35000  36000  35000  35000  37000  36000  36000  36000  36000  37000  35000  34000  35000  35000  36000  34000 
1669072792         40000  38000  38000  37000  36000  36000  37000  35000  34000  35000  36000  35000  35000  37000  36000  35000  36000  36000  37000  35000  34000  35000  36000  36000  34000 
1669072802         40000  37000  38000  37000  37000  37000  38000  35000  34000  35000  36000  35000  35000  37000  36000  36000  36000  36000  37000  35000  34000  35000  35000  36000  34000 
1669072813         41000  38000  38000  37000  37000  37000  37000  35000  34000  35000  37000  35000  35000  37000  36000  36000  36000  37000  37000  35000  34000  35000  35000  36000  34000 
1669072823         40000  37000  38000  37000  37000  37000  38000  35000  35000  35000  36000  35000  35000  37000  36000  36000  36000  36000  37000  35000  34000  35000  36000  36000  34000 
1669072833         40000  38000  38000  37000  37000  37000  37000  35000  34000  35000  37000  35000  35000  37000  37000  36000  36000  36000  37000  35000  34000  35000  35000  36000  34000 
1669072844         40000  37000  38000  37000  36000  36000  38000  35000  34000  35000  36000  35000  35000  37000  36000  36000  36000  36000  37000  35000  34000  35000  35000  36000  34000 
1669072854         40000  37000  38000  37000  36000  36000  37000  35000  34000  35000  36000  35000  35000  36000  36000  35000  35000  35000  37000  35000  33000  34000  35000  36000  34000 
1669072864         39000  36000  37000  36000  35000  36000  37000  35000  34000  35000  36000  34000  35000  36000  36000  35000  35000  35000  36000  35000  33000  34000  35000  36000  33000 
1669072874         39000  36000  37000  36000  35000  36000  37000  35000  34000  34000  35000  34000  34000  36000  36000  35000  35000  35000  36000  34000  34000  34000  35000  35000  33000 
1669072885         39000  36000  37000  36000  35000  35000  37000  34000  34000  34000  36000  34000  34000  36000  35000  35000  35000  35000  36000  34000  33000  34000  34000  35000  33000 
1669072895         39000  36000  37000  36000  36000  35000  37000  34000  33000  34000  35000  34000  34000  35000  35000  35000  35000  35000  36000  34000  33000  33000  34000  35000  33000 
1669072905         39000  36000  37000  35000  35000  35000  36000  34000  33000  34000  35000  34000  34000  36000  35000  34000  35000  35000  36000  34000  33000  34000  34000  35000  33000 
1669072915         39000  36000  36000  35000  35000  35000  36000  34000  33000  34000  35000  34000  34000  35000  35000  34000  35000  35000  36000  34000  33000  34000  34000  35000  33000 
1669072926         39000  36000  37000  36000  35000  35000  35000  34000  34000  34000  35000  34000  34000  35000  35000  35000  35000  35000  36000  34000  33000  34000  34000  35000  33000 
1669072936         39000  36000  37000  36000  35000  35000  36000  34000  33000  34000  35000  34000  34000  36000  35000  35000  35000  35000  36000  34000  33000  34000  34000  35000  33000 
1669072946         39000  36000  38000  37000  36000  36000  36000  35000  34000  35000  36000  35000  35000  36000  35000  36000  37000  37000  36000  34000  34000  34000  34000  36000  34000 
1669072957         40000  37000  38000  37000  36000  37000  36000  35000  34000  36000  37000  36000  36000  36000  36000  36000  37000  37000  37000  34000  34000  35000  35000  36000  35000 
1669072967         40000  37000  38000  37000  37000  37000  37000  36000  35000  36000  37000  36000  36000  36000  36000  37000  37000  37000  37000  35000  34000  35000  36000  36000  35000 
1669072977         40000  37000  38000  37000  37000  37000  37000  35000  35000  36000  37000  36000  36000  37000  36000  36000  37000  37000  38000  34000  34000  35000  36000  36000  35000 
1669072987         40000  38000  38000  37000  37000  38000  37000  35000  35000  36000  37000  36000  36000  37000  37000  36000  37000  38000  38000  35000  34000  36000  36000  37000  35000 
1669072998         40000  38000  39000  37000  37000  38000  38000  35000  35000  36000  38000  37000  36000  37000  37000  36000  37000  38000  38000  35000  34000  36000  36000  37000  35000 
1669073008         41000  38000  39000  38000  37000  38000  39000  36000  36000  36000  38000  37000  36000  37000  37000  37000  37000  38000  38000  36000  34000  36000  37000  37000  35000 
1669073018         40000  38000  39000  38000  38000  38000  38000  36000  35000  36000  38000  36000  36000  37000  37000  37000  37000  37000  38000  36000  35000  36000  36000  37000  35000 
1669073029         40000  38000  38000  37000  38000  37000  39000  35000  35000  36000  38000  36000  36000  37000  37000  36000  37000  36000  38000  36000  35000  36000  36000  37000  35000 
1669073039         40000  37000  38000  37000  37000  37000  38000  35000  35000  36000  37000  36000  36000  37000  37000  36000  36000  36000  38000  35000  34000  36000  36000  36000  35000 
1669073049         39000  37000  38000  37000  36000  36000  37000  35000  34000  35000  37000  35000  35000  37000  36000  35000  36000  36000  37000  35000  34000  35000  35000  36000  34000 
1669073059         39000  36000  38000  36000  35000  37000  38000  34000  34000  35000  36000  34000  35000  36000  36000  35000  36000  36000  37000  34000  34000  34000  35000  36000  34000 
1669073070         39000  36000  37000  36000  36000  36000  37000  34000  34000  34000  36000  34000  34000  36000  35000  35000  35000  35000  36000  34000  33000  34000  35000  36000  33000 
1669073080         39000  36000  37000  36000  34000  35000  36000  34000  34000  34000  35000  34000  34000  36000  35000  34000  35000  35000  36000  34000  33000  34000  34000  35000  33000 
1669073090         39000  36000  36000  36000  35000  35000  35000  33000  34000  34000  35000  34000  34000  35000  35000  34000  34000  34000  36000  34000  33000  34000  34000  35000  33000 
1669073100         38000  36000  37000  35000  35000  36000  37000  33000  33000  34000  35000  33000  34000  35000  35000  34000  35000  34000  36000  34000  32000  33000  34000  35000  32000 
1669073111         39000  36000  36000  36000  35000  35000  37000  34000  33000  33000  35000  34000  34000  35000  35000  34000  35000  34000  36000  34000  32000  33000  34000  35000  33000 
1669073121         39000  35000  36000  36000  35000  35000  36000  34000  33000  34000  35000  34000  34000  35000  35000  34000  34000  34000  36000  34000  33000  34000  34000  35000  33000 
1669073131         39000  36000  37000  36000  35000  35000  36000  34000  33000  34000  36000  34000  34000  36000  35000  35000  35000  35000  36000  34000  33000  34000  35000  35000  33000 
1669073142         39000  36000  37000  36000  35000  36000  36000  34000  33000  34000  35000  34000  34000  35000  35000  34000  35000  35000  36000  34000  33000  34000  35000  35000  33000 
1669073152         39000  36000  37000  36000  35000  36000  36000  34000  34000  34000  36000  34000  34000  36000  35000  35000  35000  35000  36000  34000  33000  34000  35000  35000  33000 
1669073162         39000  36000  37000  37000  35000  36000  37000  34000  33000  34000  36000  34000  34000  36000  35000  35000  35000  35000  36000  35000  33000  34000  35000  36000  33000 
1669073172         39000  36000  38000  36000  35000  36000  37000  35000  34000  35000  36000  34000  35000  36000  35000  35000  35000  35000  37000  34000  34000  34000  35000  36000  34000 
1669073183         40000  36000  38000  36000  36000  36000  37000  35000  34000  35000  36000  35000  35000  36000  36000  35000  36000  35000  37000  34000  33000  35000  35000  36000  34000 
1669073193         40000  37000  38000  37000  36000  36000  37000  35000  34000  35000  36000  35000  35000  36000  36000  35000  36000  36000  37000  35000  34000  35000  35000  36000  34000 
1669073203         39000  37000  37000  37000  35000  36000  38000  35000  34000  35000  36000  35000  35000  36000  36000  35000  36000  36000  37000  35000  34000  34000  35000  36000  34000 
1669073213         39000  37000  38000  37000  36000  36000  37000  35000  34000  35000  36000  35000  35000  36000  36000  35000  36000  36000  37000  35000  34000  35000  35000  36000  34000 
1669073224         39000  37000  38000  37000  36000  36000  38000  35000  34000  35000  36000  35000  35000  37000  36000  36000  36000  36000  37000  35000  34000  34000  35000  36000  34000 
1669073234         39000  36000  37000  37000  36000  36000  37000  35000  34000  35000  36000  35000  35000  36000  36000  35000  36000  36000  36000  35000  33000  35000  35000  36000  34000 
1669073244         39000  37000  38000  37000  36000  37000  36000  35000  34000  35000  36000  35000  36000  36000  36000  36000  37000  37000  36000  34000  33000  35000  35000  36000  34000 
1669073255         39000  36000  37000  37000  36000  36000  37000  35000  34000  35000  36000  35000  35000  36000  36000  36000  37000  37000  37000  34000  34000  34000  35000  35000  35000 
1669073265         39000  36000  37000  36000  36000  36000  37000  34000  34000  35000  36000  35000  36000  36000  35000  35000  36000  36000  36000  34000  33000  34000  35000  35000  34000 
1669073275         39000  36000  37000  36000  35000  36000  36000  34000  34000  34000  36000  35000  35000  36000  35000  35000  35000  35000  36000  34000  33000  34000  35000  35000  34000 
1669073285         39000  36000  37000  36000  35000  35000  37000  34000  34000  35000  36000  35000  35000  35000  35000  35000  35000  35000  36000  34000  33000  34000  35000  35000  34000 
1669073296         39000  36000  37000  36000  35000  36000  37000  34000  33000  34000  35000  35000  35000  36000  35000  35000  35000  35000  36000  34000  33000  34000  35000  36000  34000 
1669073306         39000  36000  37000  36000  35000  35000  36000  34000  33000  34000  35000  35000  34000  36000  35000  35000  35000  35000  36000  34000  33000  34000  35000  35000  34000 
1669073316         39000  36000  37000  36000  35000  35000  36000  34000  33000  34000  35000  35000  35000  36000  35000  35000  35000  35000  36000  34000  33000  34000  34000  35000  33000 
1669073326         39000  36000  37000  37000  35000  36000  37000  34000  34000  34000  36000  35000  34000  36000  35000  35000  35000  35000  36000  34000  33000  34000  35000  36000  33000 
1669073337         39000  36000  38000  36000  35000  36000  36000  34000  34000  35000  36000  35000  35000  36000  35000  35000  36000  36000  36000  34000  34000  35000  35000  35000  33000 
1669073347         39000  36000  37000  36000  36000  36000  37000  34000  34000  35000  36000  35000  35000  36000  35000  35000  36000  36000  36000  35000  33000  34000  35000  36000  34000 
1669073357         39000  37000  38000  36000  36000  36000  37000  35000  34000  35000  36000  36000  35000  36000  35000  35000  36000  36000  37000  34000  34000  35000  35000  36000  34000 
1669073367         39000  37000  37000  37000  36000  36000  36000  35000  34000  35000  36000  36000  35000  36000  36000  35000  36000  36000  37000  35000  34000  35000  35000  36000  34000 
1669073378         39000  37000  38000  37000  36000  36000  36000  35000  34000  35000  36000  36000  35000  36000  36000  36000  36000  36000  37000  35000  34000  35000  35000  36000  34000 
1669073388         40000  37000  38000  37000  36000  36000  37000  35000  34000  35000  36000  36000  35000  36000  36000  36000  36000  36000  37000  35000  34000  35000  35000  36000  34000 
1669073398         39000  37000  37000  37000  36000  36000  37000  35000  34000  35000  36000  36000  35000  36000  36000  36000  36000  36000  37000  35000  34000  35000  36000  36000  34000 
1669073409         39000  37000  38000  37000  36000  37000  36000  35000  34000  36000  37000  36000  35000  36000  36000  35000  36000  36000  37000  35000  34000  35000  35000  36000  34000 
1669073419         40000  37000  38000  37000  36000  36000  37000  35000  34000  35000  37000  36000  35000  37000  36000  36000  36000  36000  37000  35000  34000  35000  36000  36000  34000 
1669073429         39000  37000  38000  37000  36000  36000  37000  35000  34000  35000  36000  36000  35000  36000  36000  35000  36000  36000  37000  35000  34000  35000  36000  36000  34000 
1669073439         39000  36000  37000  36000  37000  36000  38000  35000  34000  35000  36000  36000  35000  36000  36000  35000  36000  36000  37000  35000  34000  35000  35000  36000  34000 
1669073450         39000  36000  37000  36000  36000  36000  37000  34000  34000  34000  36000  35000  35000  36000  35000  35000  35000  35000  37000  34000  33000  34000  35000  36000  33000 
1669073460         39000  36000  37000  36000  36000  36000  37000  34000  33000  34000  36000  35000  35000  36000  35000  34000  35000  35000  36000  34000  33000  34000  35000  35000  33000 
1669073470         38000  36000  37000  36000  35000  35000  36000  34000  33000  34000  35000  34000  34000  36000  35000  34000  35000  35000  36000  34000  33000  34000  34000  35000  33000 
1669073480         38000  35000  37000  35000  35000  35000  36000  34000  33000  34000  35000  34000  34000  35000  35000  34000  35000  34000  36000  33000  33000  33000  34000  34000  33000 
1669073491         38000  36000  37000  35000  35000  35000  36000  33000  33000  34000  35000  34000  34000  35000  35000  34000  35000  35000  36000  34000  32000  33000  34000  35000  33000 
1669073501         39000  35000  37000  35000  34000  35000  36000  33000  33000  34000  35000  34000  34000  35000  35000  34000  35000  34000  36000  33000  32000  33000  34000  35000  33000 
1669073511         38000  36000  36000  36000  35000  35000  36000  33000  33000  34000  35000  34000  34000  35000  35000  34000  35000  34000  36000  34000  32000  34000  34000  35000  32000 
1669073521         39000  35000  36000  36000  35000  36000  37000  33000  33000  34000  35000  35000  34000  36000  35000  34000  35000  35000  36000  34000  32000  34000  34000  35000  33000 
1669073532         39000  36000  37000  35000  35000  35000  36000  34000  33000  34000  36000  35000  34000  36000  35000  35000  35000  35000  36000  34000  33000  34000  35000  35000  33000 
1669073542         39000  36000  37000  37000  36000  36000  37000  34000  34000  34000  36000  34000  35000  36000  35000  35000  35000  35000  36000  34000  33000  35000  35000  36000  33000 
1669073552         40000  37000  38000  37000  37000  37000  36000  35000  34000  36000  36000  36000  36000  37000  36000  36000  37000  37000  37000  34000  34000  35000  35000  36000  35000 
1669073563         39000  37000  38000  37000  36000  36000  36000  35000  35000  36000  37000  36000  36000  36000  36000  36000  37000  37000  37000  34000  34000  35000  35000  36000  35000 
1669073573         39000  37000  38000  37000  37000  37000  36000  35000  35000  36000  37000  36000  36000  36000  36000  36000  37000  37000  37000  34000  34000  35000  36000  36000  34000 
1669073583         40000  37000  38000  37000  37000  37000  37000  35000  34000  36000  37000  36000  36000  37000  36000  36000  36000  37000  37000  34000  34000  35000  36000  36000  35000 
1669073593         40000  37000  38000  38000  36000  37000  38000  35000  35000  36000  37000  36000  36000  36000  37000  36000  36000  37000  37000  35000  34000  35000  36000  37000  35000 
1669073604         40000  37000  38000  37000  37000  37000  38000  35000  35000  36000  37000  36000  36000  37000  36000  36000  36000  37000  37000  35000  34000  36000  36000  36000  34000 
1669073614         40000  37000  38000  37000  37000  37000  38000  35000  34000  35000  37000  36000  36000  37000  36000  36000  36000  37000  37000  35000  34000  35000  36000  36000  34000 
1669073624         40000  37000  38000  37000  36000  36000  37000  35000  35000  35000  37000  36000  36000  37000  36000  36000  36000  36000  37000  35000  34000  35000  36000  36000  34000 
1669073635         39000  37000  38000  37000  36000  37000  38000  35000  34000  35000  36000  36000  35000  36000  36000  35000  35000  36000  37000  35000  34000  35000  35000  36000  34000 
1669073645         39000  36000  37000  36000  37000  36000  37000  34000  34000  35000  36000  35000  35000  36000  35000  35000  36000  36000  37000  34000  33000  35000  35000  36000  34000 
1669073655         39000  36000  37000  36000  35000  36000  36000  34000  34000  34000  36000  35000  35000  36000  35000  35000  35000  35000  37000  34000  33000  34000  35000  35000  33000 
1669073665         38000  36000  37000  36000  36000  36000  36000  34000  33000  34000  36000  35000  34000  35000  35000  35000  35000  35000  36000  34000  33000  34000  35000  35000  33000 
1669073676         39000  36000  37000  35000  35000  35000  37000  33000  33000  34000  35000  35000  34000  35000  35000  34000  35000  35000  36000  34000  33000  33000  35000  35000  33000 
1669073686         39000  36000  36000  35000  34000  35000  36000  33000  33000  34000  35000  34000  34000  36000  35000  34000  35000  35000  36000  34000  32000  34000  34000  34000  33000 
1669073696         39000  36000  36000  35000  35000  35000  36000  34000  33000  34000  35000  34000  34000  35000  35000  34000  35000  34000  36000  33000  33000  33000  34000  35000  33000 
1669073706         39000  36000  37000  35000  35000  35000  36000  34000  33000  34000  35000  35000  34000  35000  34000  34000  35000  35000  36000  33000  33000  34000  34000  35000  32000 
1669073717         39000  36000  37000  36000  36000  36000  37000  34000  33000  34000  35000  34000  34000  36000  35000  34000  34000  34000  36000  34000  33000  34000  35000  35000  33000 
1669073727         39000  36000  37000  36000  35000  36000  36000  34000  33000  34000  35000  34000  34000  36000  35000  35000  35000  35000  36000  34000  33000  34000  34000  35000  33000 
1669073737         39000  36000  37000  36000  35000  36000  36000  35000  34000  34000  35000  35000  34000  36000  35000  35000  35000  35000  36000  34000  33000  34000  35000  35000  33000 
1669073747         39000  36000  37000  36000  35000  36000  36000  34000  34000  34000  35000  35000  35000  36000  35000  35000  35000  35000  36000  34000  33000  34000  35000  35000  33000 
1669073758         40000  36000  37000  36000  36000  36000  38000  34000  34000  35000  35000  34000  34000  36000  35000  35000  35000  35000  36000  34000  33000  35000  35000  35000  33000 
1669073768         39000  36000  37000  36000  35000  36000  37000  34000  34000  35000  35000  34000  35000  36000  35000  35000  35000  35000  36000  34000  33000  34000  35000  36000  33000 
1669073778         39000  36000  37000  36000  36000  36000  36000  34000  34000  34000  35000  34000  34000  36000  35000  35000  35000  35000  36000  35000  33000  34000  35000  35000  34000 
1669073789         39000  36000  38000  37000  35000  36000  37000  34000  34000  35000  35000  35000  35000  36000  35000  35000  35000  35000  36000  35000  34000  34000  34000  36000  33000 
1669073799         39000  36000  37000  36000  35000  37000  37000  34000  34000  35000  35000  34000  34000  36000  35000  35000  35000  35000  36000  34000  33000  34000  35000  36000  33000 
1669073809         39000  36000  37000  36000  35000  36000  37000  34000  34000  34000  35000  34000  34000  36000  35000  35000  35000  35000  37000  34000  34000  34000  35000  35000  34000 
1669073819         39000  36000  37000  36000  36000  35000  38000  34000  34000  34000  35000  34000  35000  36000  35000  35000  35000  35000  36000  34000  33000  34000  34000  35000  33000 
1669073830         39000  36000  37000  36000  35000  35000  37000  35000  33000  34000  35000  34000  34000  35000  35000  34000  34000  35000  36000  34000  33000  34000  34000  35000  33000 
1669073840         39000  36000  36000  35000  35000  35000  36000  33000  33000  33000  34000  34000  34000  35000  35000  34000  34000  34000  36000  34000  32000  34000  34000  34000  33000 
1669073850         39000  36000  37000  36000  36000  36000  36000  34000  34000  35000  36000  35000  35000  36000  35000  35000  36000  36000  36000  34000  33000  34000  34000  34000  34000 
1669073861         39000  36000  37000  36000  35000  36000  35000  35000  33000  35000  35000  35000  35000  35000  35000  35000  36000  35000  36000  33000  33000  34000  34000  35000  34000 
1669073871         39000  36000  37000  36000  35000  36000  36000  33000  34000  34000  36000  35000  35000  36000  35000  35000  35000  35000  36000  33000  33000  34000  34000  35000  34000 
1669073881         39000  36000  36000  36000  35000  35000  36000  33000  34000  34000  35000  35000  35000  35000  35000  35000  35000  35000  36000  33000  33000  34000  34000  35000  34000 
1669073891         39000  36000  37000  36000  35000  36000  37000  35000  34000  34000  36000  35000  35000  36000  35000  35000  35000  35000  36000  34000  33000  34000  35000  35000  34000 
1669073902         39000  36000  37000  37000  35000  35000  37000  34000  34000  34000  35000  35000  35000  36000  35000  35000  35000  35000  36000  34000  33000  34000  35000  36000  34000 
1669073912         39000  36000  37000  36000  35000  36000  36000  34000  34000  34000  35000  35000  35000  36000  35000  35000  35000  35000  36000  34000  33000  34000  35000  35000  34000 
1669073922         39000  36000  37000  36000  36000  36000  37000  35000  34000  35000  36000  35000  35000  36000  35000  35000  35000  35000  37000  35000  33000  34000  35000  36000  34000 
1669073932         40000  36000  38000  36000  36000  36000  37000  35000  34000  35000  36000  35000  35000  36000  36000  35000  35000  35000  37000  35000  34000  35000  35000  36000  34000 
1669073943         40000  37000  38000  37000  36000  37000  37000  35000  34000  35000  36000  36000  36000  37000  36000  36000  36000  36000  37000  35000  34000  35000  35000  36000  34000 
1669073953         40000  37000  38000  37000  36000  37000  37000  35000  35000  35000  36000  36000  36000  37000  36000  35000  36000  36000  37000  35000  34000  35000  35000  36000  34000 
1669073963         40000  37000  38000  37000  36000  36000  38000  35000  34000  35000  36000  36000  35000  37000  36000  36000  36000  36000  37000  35000  34000  35000  35000  36000  35000 
1669073974         40000  37000  38000  37000  36000  36000  38000  36000  34000  35000  36000  36000  35000  36000  36000  36000  36000  36000  37000  36000  34000  35000  35000  36000  34000 
1669073984         39000  37000  37000  37000  36000  37000  37000  35000  34000  35000  35000  36000  35000  37000  35000  35000  36000  36000  37000  35000  34000  35000  35000  36000  34000 
1669073994         39000  36000  37000  37000  37000  36000  38000  35000  34000  35000  36000  35000  35000  36000  36000  35000  35000  36000  37000  35000  34000  35000  35000  36000  34000 
1669074004         39000  36000  38000  36000  36000  36000  38000  35000  34000  35000  35000  35000  35000  36000  36000  35000  35000  36000  36000  34000  33000  35000  35000  36000  34000 
1669074015         39000  36000  37000  36000  36000  36000  38000  34000  34000  35000  35000  35000  35000  36000  35000  35000  36000  35000  36000  34000  33000  34000  35000  36000  34000 
1669074025         39000  36000  37000  36000  37000  35000  37000  34000  34000  34000  35000  35000  34000  36000  35000  35000  35000  35000  36000  34000  33000  34000  35000  36000  34000 
1669074035         39000  36000  36000  36000  35000  36000  36000  33000  33000  34000  35000  35000  34000  35000  35000  34000  35000  35000  36000  34000  33000  34000  34000  35000  33000 
1669074045         38000  35000  36000  35000  35000  35000  37000  33000  33000  34000  34000  35000  34000  35000  35000  34000  34000  34000  36000  34000  32000  34000  34000  35000  33000 
1669074056         38000  35000  36000  35000  34000  35000  36000  33000  33000  34000  34000  34000  33000  35000  35000  34000  34000  34000  35000  34000  32000  33000  33000  35000  32000 
1669074066         38000  35000  36000  35000  34000  35000  35000  33000  33000  33000  34000  34000  34000  35000  34000  34000  34000  34000  35000  33000  33000  33000  33000  35000  32000 
1669074076         38000  35000  36000  35000  34000  35000  36000  33000  33000  33000  34000  34000  33000  35000  34000  34000  34000  34000  35000  33000  32000  33000  34000  34000  32000 
1669074086         38000  35000  36000  35000  34000  35000  36000  33000  33000  34000  34000  34000  34000  35000  34000  34000  34000  34000  35000  33000  32000  33000  34000  34000  32000 
1669074097         39000  36000  36000  35000  35000  35000  36000  33000  33000  34000  34000  34000  34000  35000  34000  34000  34000  34000  36000  34000  32000  33000  34000  35000  32000 
1669074107         39000  36000  37000  36000  35000  35000  35000  33000  33000  34000  34000  34000  34000  35000  35000  34000  35000  34000  36000  34000  33000  33000  34000  35000  33000 
1669074117         39000  36000  36000  36000  35000  36000  36000  34000  33000  34000  35000  34000  35000  35000  35000  35000  35000  34000  36000  34000  33000  34000  34000  35000  33000 
1669074128         39000  36000  36000  36000  35000  35000  37000  35000  33000  34000  35000  35000  34000  35000  35000  35000  35000  35000  36000  34000  33000  34000  34000  35000  33000 
1669074138         39000  36000  37000  36000  35000  35000  36000  34000  34000  34000  35000  35000  35000  36000  35000  35000  35000  35000  36000  34000  33000  34000  35000  36000  33000 
1669074148         39000  37000  38000  37000  36000  36000  36000  35000  34000  35000  36000  36000  36000  36000  36000  36000  36000  36000  37000  34000  34000  35000  35000  36000  35000 
1669074158         40000  37000  38000  37000  36000  36000  37000  34000  34000  35000  36000  35000  36000  36000  35000  35000  35000  36000  37000  34000  34000  35000  35000  35000  35000 
1669074169         39000  37000  37000  37000  36000  36000  37000  35000  34000  35000  37000  36000  36000  36000  36000  35000  36000  36000  37000  34000  34000  34000  35000  36000  35000 
1669074179         40000  37000  38000  37000  36000  37000  37000  35000  34000  36000  37000  36000  36000  37000  36000  36000  36000  36000  37000  35000  34000  35000  36000  37000  35000 
1669074189         39000  37000  38000  37000  36000  37000  37000  35000  35000  36000  37000  37000  36000  37000  36000  36000  36000  36000  38000  35000  34000  36000  36000  37000  35000 
1669074199         40000  38000  38000  37000  36000  37000  38000  36000  35000  36000  37000  36000  36000  37000  36000  36000  37000  36000  37000  35000  34000  36000  36000  37000  35000 
1669074210         40000  37000  38000  37000  36000  37000  37000  35000  35000  36000  36000  36000  36000  37000  36000  36000  37000  36000  38000  35000  34000  36000  36000  36000  35000 
1669074220         39000  37000  37000  37000  37000  36000  38000  35000  34000  35000  37000  36000  36000  36000  36000  36000  36000  36000  37000  34000  34000  35000  35000  36000  35000 
1669074230         39000  36000  37000  37000  35000  36000  37000  35000  34000  35000  36000  36000  36000  36000  35000  35000  35000  36000  37000  34000  34000  34000  35000  36000  34000 
1669074241         39000  36000  37000  36000  36000  36000  37000  34000  34000  34000  36000  36000  36000  36000  35000  35000  35000  36000  37000  34000  34000  34000  35000  36000  34000 
1669074251         39000  36000  37000  36000  36000  36000  37000  34000  34000  34000  36000  35000  35000  36000  35000  35000  35000  35000  36000  34000  33000  34000  35000  35000  34000 
1669074261         39000  36000  37000  36000  35000  36000  37000  34000  34000  34000  36000  35000  36000  36000  35000  35000  35000  35000  36000  34000  33000  34000  34000  36000  34000 
1669074271         39000  36000  37000  36000  35000  35000  36000  34000  33000  34000  35000  35000  35000  36000  35000  35000  35000  35000  36000  34000  33000  34000  35000  36000  34000 
1669074282         39000  36000  36000  36000  35000  36000  37000  34000  33000  34000  36000  35000  35000  35000  35000  35000  35000  35000  37000  34000  33000  34000  35000  35000  34000 
1669074292         39000  36000  37000  36000  35000  36000  36000  34000  34000  34000  36000  35000  35000  35000  35000  35000  35000  35000  37000  34000  33000  34000  34000  35000  34000 
1669074302         39000  36000  37000  36000  35000  36000  36000  34000  34000  34000  36000  35000  35000  36000  35000  35000  36000  35000  37000  34000  34000  34000  34000  35000  34000 
1669074312         39000  37000  38000  37000  36000  37000  36000  34000  34000  35000  36000  35000  36000  37000  36000  35000  36000  36000  37000  35000  34000  34000  35000  35000  34000 
