TIME                CPU0  Core0  Core1  Core2  Core3  Core4  Core5  Core8  Core9 Core10 Core11 Core12 Core13 Core16 Core17 Core18 Core19 Core20 Core21 Core24 Core25 Core26 Core27 Core28 Core29
1669072351         51000  51000  50000  51000  50000  50000  52000  49000  49000  48000  49000  49000  48000  49000  49000  49000  49000  50000  50000  49000  49000  48000  48000  48000  47000 
1669072361         50000  50000  48000  49000  49000  49000  51000  48000  48000  47000  48000  47000  46000  48000  48000  48000  48000  48000  48000  47000  48000  47000  47000  47000  46000 
1669072371         49000  49000  47000  48000  48000  48000  50000  46000  47000  46000  46000  46000  45000  47000  47000  47000  46000  47000  47000  46000  47000  46000  46000  45000  45000 
1669072382         49000  47000  46000  47000  46000  46000  49000  46000  46000  44000  45000  45000  44000  46000  46000  46000  44000  46000  46000  45000  44000  45000  45000  45000  43000 
1669072392         47000  46000  45000  46000  45000  45000  48000  44000  44000  44000  44000  44000  42000  45000  45000  44000  44000  45000  45000  44000  43000  44000  44000  44000  43000 
1669072402         47000  45000  44000  44000  44000  45000  48000  43000  44000  43000  43000  43000  42000  44000  44000  44000  43000  44000  44000  43000  42000  43000  43000  42000  42000 
1669072412         45000  44000  43000  44000  43000  44000  45000  42000  43000  42000  42000  42000  41000  43000  43000  43000  42000  43000  44000  42000  42000  42000  42000  42000  41000 
1669072423         46000  44000  43000  44000  42000  44000  46000  42000  42000  42000  42000  42000  41000  43000  42000  42000  41000  42000  43000  42000  41000  41000  41000  42000  41000 
1669072433         45000  43000  42000  43000  42000  43000  45000  41000  42000  41000  41000  41000  40000  42000  42000  42000  41000  42000  42000  41000  41000  41000  41000  41000  40000 
1669072443         45000  43000  41000  43000  42000  42000  46000  41000  41000  40000  41000  41000  39000  41000  42000  41000  41000  41000  42000  41000  40000  40000  41000  41000  39000 
1669072454         44000  42000  42000  42000  41000  42000  45000  40000  41000  40000  40000  40000  39000  41000  41000  41000  40000  41000  41000  40000  40000  40000  40000  40000  39000 
1669072464         44000  42000  41000  42000  41000  42000  45000  40000  41000  40000  40000  40000  39000  41000  41000  41000  40000  41000  41000  40000  40000  40000  40000  40000  38000 
1669072474         44000  42000  41000  41000  41000  41000  44000  41000  40000  40000  39000  40000  38000  40000  40000  40000  39000  40000  40000  40000  39000  40000  40000  39000  38000 
1669072484         43000  41000  40000  41000  40000  41000  43000  39000  40000  39000  39000  39000  40000  40000  40000  40000  39000  40000  40000  39000  39000  40000  39000  39000  38000 
1669072495         43000  41000  40000  41000  40000  40000  43000  39000  38000  38000  39000  39000  38000  40000  40000  40000  39000  40000  40000  39000  38000  39000  39000  39000  37000 
1669072505         42000  41000  40000  41000  40000  40000  42000  39000  38000  38000  39000  39000  38000  40000  39000  39000  38000  40000  40000  39000  38000  38000  38000  39000  38000 
1669072515         43000  40000  40000  41000  40000  40000  42000  38000  38000  38000  39000  38000  37000  39000  39000  39000  38000  40000  40000  38000  38000  38000  39000  38000  37000 
1669072525         42000  41000  40000  40000  39000  40000  42000  38000  38000  38000  39000  38000  37000  39000  39000  39000  38000  39000  40000  38000  37000  38000  38000  38000  37000 
1669072536         42000  40000  40000  40000  39000  39000  42000  38000  38000  37000  38000  38000  37000  39000  39000  39000  38000  39000  39000  38000  37000  38000  38000  38000  36000 
1669072546         42000  40000  39000  39000  39000  40000  43000  38000  37000  37000  38000  38000  37000  39000  38000  38000  38000  39000  39000  38000  37000  38000  38000  38000  36000 
1669072556         42000  40000  40000  39000  38000  40000  42000  38000  37000  37000  37000  38000  37000  39000  38000  38000  38000  39000  39000  38000  37000  38000  38000  38000  36000 
1669072567         42000  40000  39000  40000  39000  40000  43000  37000  37000  37000  38000  38000  36000  38000  38000  38000  37000  38000  39000  37000  37000  38000  38000  37000  37000 
1669072577         42000  39000  38000  39000  39000  39000  43000  37000  37000  37000  37000  37000  37000  38000  38000  38000  38000  38000  38000  38000  37000  37000  38000  37000  36000 
1669072587         41000  39000  39000  39000  38000  39000  41000  37000  37000  37000  37000  38000  36000  38000  38000  38000  37000  38000  38000  37000  37000  37000  37000  37000  36000 
1669072597         41000  39000  38000  39000  38000  39000  41000  37000  37000  37000  37000  37000  36000  38000  38000  38000  37000  38000  38000  37000  36000  37000  37000  37000  36000 
1669072608         42000  39000  38000  39000  39000  39000  42000  37000  37000  37000  37000  37000  36000  38000  38000  38000  37000  38000  38000  37000  36000  37000  37000  37000  36000 
1669072618         41000  39000  38000  39000  38000  39000  41000  37000  36000  37000  37000  37000  35000  38000  37000  38000  37000  38000  38000  37000  36000  37000  37000  36000  35000 
1669072628         41000  39000  38000  39000  39000  39000  42000  36000  36000  36000  37000  37000  35000  38000  38000  37000  37000  38000  38000  37000  36000  36000  36000  36000  35000 
1669072638         40000  39000  38000  38000  37000  38000  40000  36000  36000  36000  37000  37000  36000  38000  37000  37000  37000  37000  38000  36000  36000  37000  36000  36000  35000 
1669072649         40000  40000  38000  39000  38000  39000  40000  38000  38000  37000  38000  38000  36000  38000  38000  39000  38000  39000  38000  37000  37000  37000  37000  37000  36000 
1669072659         41000  39000  38000  39000  39000  39000  40000  38000  38000  37000  38000  38000  36000  38000  37000  38000  38000  39000  38000  37000  37000  37000  37000  37000  36000 
1669072669         40000  39000  38000  39000  39000  39000  41000  38000  38000  37000  38000  37000  37000  38000  38000  39000  38000  39000  38000  37000  37000  37000  37000  37000  36000 
1669072680         40000  39000  38000  40000  39000  39000  40000  37000  38000  37000  38000  38000  37000  38000  37000  38000  37000  39000  38000  37000  36000  37000  37000  37000  36000 
1669072690         41000  39000  38000  39000  39000  39000  41000  37000  38000  37000  38000  38000  36000  38000  38000  39000  37000  38000  38000  37000  37000  37000  37000  37000  36000 
1669072700         40000  40000  39000  39000  38000  39000  40000  37000  38000  37000  39000  38000  36000  38000  38000  39000  38000  39000  38000  38000  37000  37000  37000  37000  36000 
1669072710         40000  40000  38000  40000  39000  39000  40000  37000  38000  38000  38000  38000  37000  38000  38000  39000  38000  39000  38000  38000  37000  38000  38000  37000  36000 
1669072721         42000  39000  39000  40000  39000  40000  41000  37000  38000  38000  39000  38000  37000  38000  38000  39000  38000  39000  39000  37000  37000  37000  37000  37000  36000 
1669072731         41000  40000  39000  39000  39000  39000  40000  37000  38000  38000  39000  38000  36000  38000  39000  39000  38000  39000  39000  38000  37000  38000  37000  37000  36000 
1669072741         42000  40000  39000  40000  39000  40000  42000  38000  38000  38000  39000  38000  36000  38000  38000  39000  38000  39000  39000  38000  37000  38000  38000  38000  36000 
1669072752         41000  40000  39000  39000  39000  40000  40000  38000  38000  38000  39000  38000  36000  38000  39000  39000  38000  40000  39000  38000  37000  38000  38000  38000  36000 
1669072762         41000  39000  39000  40000  39000  39000  40000  38000  38000  38000  39000  38000  37000  38000  39000  39000  38000  39000  39000  38000  37000  38000  37000  38000  36000 
1669072772         41000  40000  39000  40000  39000  40000  42000  38000  38000  38000  39000  38000  37000  38000  38000  39000  38000  39000  39000  38000  37000  38000  38000  38000  37000 
1669072782         41000  40000  39000  40000  39000  39000  41000  38000  38000  38000  39000  38000  37000  39000  38000  39000  38000  39000  39000  38000  37000  38000  38000  38000  37000 
1669072793         41000  40000  39000  39000  39000  39000  42000  38000  38000  38000  39000  38000  36000  39000  38000  40000  38000  39000  39000  38000  37000  37000  37000  38000  37000 
1669072803         41000  40000  39000  39000  39000  39000  42000  38000  39000  38000  39000  38000  37000  38000  38000  39000  38000  39000  39000  38000  37000  37000  38000  38000  36000 
1669072813         41000  40000  39000  40000  38000  40000  42000  38000  38000  37000  38000  38000  37000  38000  38000  39000  38000  39000  39000  38000  37000  37000  38000  38000  36000 
1669072824         41000  39000  39000  39000  38000  39000  41000  37000  37000  37000  39000  38000  36000  38000  38000  39000  38000  39000  39000  37000  36000  37000  38000  37000  36000 
1669072834         41000  40000  38000  39000  39000  39000  41000  37000  37000  37000  38000  38000  36000  38000  38000  39000  38000  39000  39000  37000  37000  37000  37000  38000  36000 
1669072844         40000  39000  38000  39000  38000  39000  41000  37000  37000  37000  38000  38000  36000  38000  38000  39000  38000  39000  39000  37000  36000  37000  37000  38000  36000 
1669072854         40000  39000  38000  39000  39000  39000  40000  37000  37000  37000  38000  38000  36000  38000  37000  39000  37000  39000  38000  37000  36000  37000  38000  37000  36000 
1669072865         41000  39000  38000  39000  38000  39000  40000  37000  36000  37000  38000  37000  35000  38000  37000  39000  37000  38000  38000  37000  36000  37000  37000  37000  35000 
1669072875         41000  38000  38000  38000  38000  39000  41000  38000  37000  37000  38000  37000  35000  37000  37000  38000  37000  38000  38000  37000  36000  37000  36000  37000  36000 
1669072885         40000  39000  38000  39000  38000  39000  41000  37000  36000  36000  38000  37000  35000  37000  37000  38000  37000  38000  38000  37000  35000  36000  37000  37000  35000 
1669072895         40000  39000  38000  38000  38000  38000  40000  36000  36000  36000  38000  37000  35000  38000  37000  38000  37000  38000  38000  36000  36000  36000  37000  37000  35000 
1669072906         40000  39000  38000  38000  37000  38000  40000  36000  36000  36000  38000  37000  35000  38000  37000  38000  36000  38000  38000  36000  35000  36000  37000  37000  35000 
1669072916         40000  39000  38000  38000  37000  38000  40000  36000  36000  36000  38000  37000  35000  38000  37000  38000  37000  38000  37000  37000  36000  36000  36000  36000  36000 
1669072926         40000  39000  38000  38000  37000  38000  40000  36000  36000  36000  37000  37000  35000  37000  37000  37000  37000  38000  38000  36000  35000  36000  36000  36000  35000 
1669072936         40000  38000  37000  38000  37000  38000  40000  36000  36000  36000  37000  37000  35000  37000  37000  37000  37000  38000  37000  36000  35000  36000  36000  35000  35000 
1669072947         39000  38000  37000  38000  38000  38000  39000  37000  37000  36000  38000  37000  36000  37000  37000  38000  37000  38000  38000  37000  36000  37000  36000  36000  35000 
1669072957         39000  39000  38000  39000  38000  38000  39000  37000  37000  37000  38000  37000  36000  37000  37000  38000  38000  38000  38000  37000  36000  37000  36000  37000  35000 
1669072967         40000  38000  38000  39000  38000  38000  41000  37000  37000  37000  37000  37000  36000  38000  37000  38000  38000  38000  38000  37000  37000  37000  36000  37000  36000 
1669072978         40000  39000  37000  39000  37000  38000  40000  37000  37000  37000  38000  37000  36000  37000  37000  38000  37000  38000  38000  36000  36000  36000  36000  37000  35000 
1669072988         40000  39000  38000  39000  38000  39000  40000  37000  37000  37000  38000  37000  36000  37000  37000  39000  37000  38000  38000  37000  36000  36000  36000  37000  36000 
1669072998         40000  38000  38000  39000  38000  38000  40000  37000  37000  37000  38000  38000  36000  38000  37000  39000  37000  39000  38000  37000  36000  36000  37000  37000  36000 
1669073008         41000  39000  38000  39000  38000  39000  41000  37000  37000  37000  38000  37000  36000  37000  37000  38000  37000  39000  38000  37000  37000  37000  37000  37000  36000 
1669073019         41000  39000  38000  39000  38000  39000  41000  37000  37000  37000  38000  37000  37000  38000  37000  38000  37000  38000  38000  37000  36000  37000  37000  36000  36000 
1669073029         40000  39000  38000  39000  38000  39000  40000  37000  37000  37000  38000  38000  36000  38000  37000  39000  37000  39000  38000  36000  36000  37000  37000  36000  36000 
1669073039         41000  39000  38000  39000  38000  38000  40000  37000  37000  37000  38000  37000  35000  38000  37000  38000  37000  38000  38000  36000  36000  37000  37000  36000  35000 
1669073050         40000  39000  38000  38000  38000  38000  41000  36000  38000  37000  38000  37000  35000  38000  37000  38000  37000  38000  38000  37000  36000  36000  36000  36000  35000 
1669073060         40000  39000  38000  39000  38000  38000  41000  37000  37000  37000  38000  37000  35000  38000  37000  38000  37000  38000  38000  36000  36000  36000  36000  36000  35000 
1669073070         40000  39000  38000  38000  38000  38000  40000  37000  37000  36000  38000  36000  35000  37000  37000  38000  37000  38000  38000  36000  36000  36000  37000  36000  35000 
1669073080         39000  39000  38000  38000  38000  38000  40000  36000  37000  36000  38000  37000  35000  38000  37000  38000  37000  38000  37000  36000  36000  36000  36000  36000  35000 
1669073091         40000  38000  38000  39000  38000  38000  40000  36000  37000  36000  37000  37000  35000  37000  37000  38000  37000  38000  37000  37000  36000  36000  36000  36000  35000 
1669073101         39000  38000  38000  38000  37000  38000  40000  36000  37000  37000  37000  38000  35000  37000  37000  38000  38000  38000  37000  36000  36000  36000  36000  36000  35000 
1669073111         40000  38000  37000  38000  37000  38000  41000  37000  37000  36000  37000  36000  34000  36000  37000  38000  36000  37000  36000  35000  35000  36000  36000  35000  34000 
1669073121         40000  38000  37000  38000  37000  38000  39000  36000  37000  36000  36000  36000  34000  36000  37000  38000  36000  38000  36000  35000  35000  36000  36000  35000  34000 
1669073132         40000  38000  37000  38000  37000  38000  41000  37000  36000  36000  36000  36000  34000  36000  36000  38000  36000  37000  36000  35000  35000  36000  36000  35000  34000 
1669073142         40000  38000  37000  38000  37000  37000  40000  35000  36000  35000  36000  36000  34000  35000  36000  37000  36000  37000  36000  35000  35000  35000  35000  35000  34000 
1669073152         39000  37000  37000  37000  37000  37000  39000  35000  36000  36000  36000  35000  34000  35000  36000  37000  36000  37000  36000  34000  34000  35000  36000  34000  34000 
1669073162         39000  37000  37000  37000  36000  38000  39000  35000  36000  35000  36000  35000  34000  35000  36000  37000  35000  37000  36000  34000  34000  35000  35000  34000  34000 
1669073173         38000  37000  37000  37000  36000  36000  39000  35000  36000  35000  36000  35000  34000  35000  36000  37000  35000  37000  36000  34000  34000  35000  35000  34000  34000 
1669073183         39000  37000  36000  37000  36000  37000  38000  34000  36000  35000  36000  35000  33000  35000  36000  37000  35000  37000  36000  35000  34000  35000  35000  34000  34000 
1669073193         40000  37000  37000  37000  36000  37000  39000  34000  35000  35000  36000  35000  34000  35000  36000  37000  36000  37000  36000  34000  34000  35000  35000  34000  34000 
1669073204         39000  37000  37000  37000  37000  37000  40000  35000  36000  35000  36000  35000  33000  35000  36000  37000  35000  37000  36000  34000  34000  35000  35000  34000  34000 
1669073214         40000  37000  36000  37000  37000  38000  40000  34000  35000  35000  35000  35000  34000  35000  36000  37000  35000  36000  36000  34000  34000  35000  35000  34000  34000 
1669073224         39000  37000  36000  37000  36000  37000  38000  34000  35000  35000  35000  35000  33000  35000  36000  37000  35000  37000  36000  34000  34000  35000  35000  34000  34000 
1669073234         39000  37000  36000  37000  37000  37000  39000  35000  35000  35000  35000  35000  33000  35000  35000  37000  35000  37000  35000  34000  34000  35000  35000  34000  34000 
1669073245         38000  38000  37000  37000  37000  37000  38000  36000  36000  36000  36000  36000  35000  36000  35000  37000  36000  37000  36000  36000  35000  35000  35000  35000  34000 
1669073255         39000  37000  37000  37000  37000  37000  39000  37000  36000  36000  36000  36000  34000  36000  36000  37000  36000  37000  36000  36000  36000  35000  35000  35000  34000 
1669073265         39000  38000  37000  38000  38000  37000  40000  37000  36000  36000  37000  36000  35000  37000  37000  37000  37000  37000  37000  36000  35000  36000  35000  35000  34000 
1669073275         39000  38000  37000  38000  37000  38000  39000  35000  36000  36000  37000  37000  35000  36000  37000  37000  37000  37000  37000  36000  35000  36000  36000  35000  35000 
1669073286         39000  38000  37000  38000  37000  38000  39000  36000  36000  36000  37000  37000  35000  37000  37000  37000  36000  38000  37000  36000  35000  36000  36000  36000  35000 
1669073296         39000  38000  37000  38000  37000  38000  40000  36000  36000  36000  37000  37000  35000  37000  37000  37000  36000  38000  37000  36000  35000  36000  36000  36000  35000 
1669073306         39000  38000  37000  38000  37000  38000  39000  36000  36000  35000  37000  37000  35000  37000  37000  37000  36000  38000  37000  36000  35000  36000  36000  36000  35000 
1669073317         39000  38000  37000  38000  37000  38000  40000  35000  35000  36000  37000  37000  35000  37000  36000  37000  36000  38000  37000  36000  35000  36000  36000  36000  35000 
1669073327         40000  38000  37000  38000  37000  38000  40000  36000  35000  35000  37000  37000  35000  37000  36000  37000  36000  38000  37000  36000  35000  36000  36000  36000  34000 
1669073337         39000  38000  37000  38000  37000  38000  40000  35000  36000  35000  37000  37000  35000  36000  37000  37000  36000  38000  37000  36000  35000  36000  36000  36000  35000 
1669073347         39000  38000  37000  38000  37000  38000  39000  36000  36000  36000  37000  37000  35000  36000  37000  36000  36000  38000  37000  36000  35000  36000  36000  36000  35000 
1669073358         39000  38000  37000  38000  37000  38000  39000  35000  35000  35000  36000  36000  35000  37000  36000  37000  36000  38000  37000  36000  35000  36000  36000  36000  35000 
1669073368         39000  38000  37000  38000  37000  38000  40000  36000  36000  35000  37000  36000  35000  36000  36000  37000  36000  38000  37000  36000  35000  36000  36000  36000  35000 
1669073378         39000  38000  37000  38000  37000  38000  39000  36000  36000  35000  37000  37000  34000  37000  36000  37000  36000  38000  37000  36000  35000  36000  36000  36000  34000 
1669073388         40000  38000  37000  37000  37000  38000  39000  35000  35000  36000  37000  36000  35000  37000  37000  37000  36000  37000  37000  36000  35000  36000  36000  36000  35000 
1669073399         40000  38000  37000  38000  37000  38000  39000  36000  36000  36000  37000  37000  35000  37000  36000  37000  36000  38000  37000  36000  35000  36000  36000  36000  35000 
1669073409         40000  38000  37000  38000  38000  38000  40000  36000  36000  36000  37000  36000  35000  37000  37000  37000  37000  38000  37000  36000  35000  36000  36000  36000  35000 
1669073419         40000  38000  37000  38000  38000  38000  41000  36000  35000  36000  37000  37000  35000  37000  37000  37000  37000  38000  37000  36000  35000  36000  36000  36000  35000 
1669073430         40000  38000  37000  38000  37000  38000  40000  36000  36000  36000  38000  37000  35000  37000  37000  37000  36000  38000  37000  36000  35000  36000  36000  36000  35000 
1669073440         39000  38000  37000  38000  37000  38000  39000  36000  36000  36000  37000  37000  35000  37000  37000  37000  36000  38000  37000  36000  35000  36000  36000  36000  35000 
1669073450         40000  38000  37000  38000  37000  38000  40000  36000  36000  36000  37000  37000  35000  37000  37000  37000  36000  38000  38000  36000  35000  36000  36000  36000  35000 
1669073460         41000  38000  37000  38000  38000  38000  41000  36000  36000  36000  37000  37000  35000  37000  37000  37000  37000  38000  37000  36000  35000  36000  36000  36000  35000 
1669073471         39000  38000  37000  38000  37000  38000  40000  36000  36000  36000  37000  37000  35000  37000  37000  37000  36000  38000  38000  36000  35000  36000  36000  37000  35000 
1669073481         40000  38000  37000  39000  37000  38000  41000  36000  36000  36000  37000  37000  35000  37000  37000  37000  36000  38000  37000  36000  35000  36000  36000  36000  35000 
1669073491         40000  38000  37000  38000  37000  38000  40000  36000  36000  36000  37000  36000  35000  37000  36000  37000  36000  38000  38000  36000  35000  36000  36000  36000  35000 
1669073501         40000  38000  37000  38000  38000  38000  40000  36000  35000  35000  37000  36000  35000  37000  37000  37000  36000  38000  37000  36000  35000  36000  36000  36000  35000 
1669073512         40000  38000  37000  38000  38000  38000  41000  36000  35000  35000  37000  36000  34000  37000  37000  37000  36000  38000  37000  36000  35000  36000  36000  35000  34000 
1669073522         39000  38000  37000  38000  37000  38000  39000  35000  35000  35000  37000  36000  35000  37000  36000  37000  36000  37000  37000  36000  35000  36000  36000  35000  34000 
1669073532         39000  38000  37000  37000  36000  38000  39000  35000  35000  35000  36000  36000  34000  36000  36000  36000  36000  37000  37000  36000  34000  36000  36000  35000  34000 
1669073543         39000  38000  36000  38000  37000  38000  39000  36000  36000  35000  36000  37000  35000  36000  36000  37000  36000  38000  37000  36000  35000  35000  35000  35000  34000 
1669073553         39000  38000  37000  38000  37000  37000  38000  36000  36000  36000  37000  36000  35000  36000  36000  37000  36000  37000  37000  36000  36000  36000  36000  36000  34000 
1669073563         39000  38000  37000  38000  37000  38000  39000  36000  36000  36000  37000  36000  35000  36000  37000  37000  36000  37000  37000  36000  36000  35000  36000  36000  35000 
1669073573         39000  38000  37000  38000  38000  38000  40000  37000  37000  36000  37000  36000  35000  36000  36000  38000  37000  38000  37000  36000  36000  36000  36000  36000  35000 
1669073584         39000  38000  37000  38000  37000  38000  39000  36000  36000  36000  37000  36000  35000  37000  36000  37000  36000  37000  37000  36000  35000  35000  36000  36000  35000 
1669073594         40000  38000  37000  38000  37000  37000  40000  36000  37000  35000  37000  36000  35000  36000  36000  37000  36000  37000  37000  36000  35000  36000  36000  36000  35000 
1669073604         39000  37000  37000  37000  37000  37000  39000  36000  36000  35000  37000  37000  35000  36000  37000  38000  36000  37000  37000  36000  35000  35000  35000  36000  35000 
1669073615         39000  38000  37000  38000  37000  38000  38000  37000  37000  36000  37000  36000  35000  37000  37000  38000  36000  38000  37000  36000  35000  36000  36000  36000  35000 
1669073625         40000  38000  37000  37000  37000  38000  40000  37000  37000  36000  37000  37000  35000  37000  37000  38000  36000  38000  37000  37000  36000  36000  36000  36000  35000 
1669073635         40000  38000  37000  38000  37000  38000  40000  37000  37000  36000  37000  36000  35000  37000  37000  38000  36000  37000  37000  36000  35000  36000  36000  36000  34000 
1669073645         39000  38000  37000  38000  37000  38000  39000  36000  36000  36000  37000  36000  35000  37000  37000  38000  36000  38000  37000  37000  35000  36000  36000  36000  35000 
1669073656         39000  38000  37000  38000  37000  38000  40000  37000  36000  36000  37000  36000  35000  37000  37000  38000  36000  38000  37000  36000  35000  35000  36000  36000  35000 
1669073666         39000  38000  37000  38000  37000  38000  39000  36000  36000  36000  37000  36000  35000  37000  37000  38000  36000  38000  37000  36000  36000  36000  36000  36000  35000 
1669073676         39000  37000  37000  37000  37000  37000  39000  37000  36000  36000  37000  36000  35000  37000  37000  37000  36000  38000  37000  36000  35000  36000  36000  36000  35000 
1669073687         39000  38000  37000  38000  37000  38000  39000  37000  36000  36000  37000  37000  35000  37000  37000  38000  37000  38000  37000  36000  36000  36000  36000  36000  35000 
1669073697         39000  38000  37000  38000  37000  38000  39000  36000  36000  36000  37000  36000  35000  37000  37000  38000  36000  38000  37000  36000  36000  36000  36000  36000  35000 
1669073707         39000  38000  37000  38000  37000  38000  40000  36000  36000  36000  37000  37000  35000  37000  37000  38000  36000  37000  37000  36000  35000  36000  36000  36000  35000 
1669073717         40000  38000  37000  38000  37000  38000  40000  36000  36000  36000  37000  36000  35000  37000  37000  37000  36000  38000  37000  36000  35000  36000  36000  36000  35000 
1669073728         39000  38000  37000  38000  37000  38000  39000  36000  36000  36000  37000  37000  35000  37000  37000  38000  36000  38000  37000  36000  35000  36000  37000  36000  35000 
1669073738         39000  38000  37000  38000  37000  38000  39000  36000  35000  36000  37000  37000  35000  36000  36000  37000  36000  38000  37000  36000  35000  36000  36000  36000  35000 
1669073748         39000  38000  37000  38000  36000  37000  39000  35000  36000  36000  37000  36000  35000  36000  37000  37000  36000  38000  37000  36000  35000  36000  36000  36000  34000 
1669073758         40000  38000  37000  37000  37000  39000  40000  35000  35000  36000  37000  36000  35000  36000  36000  37000  36000  37000  37000  36000  35000  36000  36000  36000  34000 
1669073769         40000  38000  37000  37000  37000  38000  39000  35000  35000  36000  37000  37000  35000  37000  36000  38000  36000  37000  37000  36000  35000  36000  36000  36000  35000 
1669073779         40000  38000  37000  38000  37000  38000  40000  36000  35000  36000  37000  36000  35000  36000  36000  37000  36000  37000  37000  36000  35000  35000  36000  36000  35000 
1669073789         40000  38000  37000  37000  37000  37000  40000  35000  36000  35000  36000  37000  35000  36000  36000  37000  36000  37000  37000  35000  35000  35000  36000  36000  35000 
1669073800         40000  38000  37000  38000  37000  38000  40000  36000  36000  36000  37000  36000  35000  36000  36000  37000  36000  37000  37000  35000  35000  36000  36000  36000  35000 
1669073810         40000  38000  37000  38000  37000  38000  40000  35000  36000  36000  37000  36000  34000  37000  36000  37000  36000  38000  37000  36000  35000  36000  36000  35000  34000 
1669073820         39000  38000  37000  38000  37000  38000  40000  35000  35000  35000  37000  36000  34000  36000  36000  38000  36000  38000  37000  36000  35000  36000  36000  35000  34000 
1669073831         39000  38000  37000  37000  37000  37000  39000  35000  36000  36000  37000  36000  34000  36000  36000  37000  36000  37000  37000  36000  35000  36000  36000  34000  34000 
1669073841         39000  38000  37000  37000  37000  37000  40000  35000  35000  35000  37000  36000  34000  36000  36000  37000  36000  37000  36000  36000  35000  36000  35000  35000  34000 
1669073851         39000  39000  37000  39000  38000  38000  39000  36000  36000  36000  37000  36000  35000  37000  36000  37000  37000  37000  37000  36000  35000  35000  35000  36000  35000 
1669073861         39000  38000  37000  38000  37000  37000  39000  36000  36000  36000  37000  36000  35000  36000  37000  37000  37000  37000  37000  36000  35000  35000  36000  36000  34000 
1669073872         39000  38000  37000  38000  37000  38000  39000  36000  36000  36000  37000  36000  35000  37000  36000  37000  37000  38000  37000  36000  35000  35000  36000  36000  34000 
1669073882         39000  38000  37000  38000  37000  38000  39000  37000  37000  36000  38000  36000  35000  37000  37000  38000  36000  38000  37000  36000  35000  36000  36000  36000  35000 
1669073892         40000  38000  37000  38000  37000  38000  39000  37000  37000  36000  37000  37000  35000  38000  37000  37000  37000  38000  37000  36000  35000  36000  36000  36000  34000 
1669073902         39000  38000  37000  38000  37000  38000  40000  36000  37000  36000  37000  37000  35000  38000  37000  37000  36000  38000  38000  36000  36000  36000  36000  36000  35000 
1669073913         39000  38000  37000  38000  37000  38000  39000  36000  36000  36000  37000  36000  35000  37000  37000  37000  36000  38000  37000  36000  35000  36000  36000  36000  35000 
1669073923         40000  38000  37000  38000  38000  38000  40000  36000  37000  36000  37000  36000  35000  37000  37000  37000  36000  38000  37000  36000  35000  36000  36000  36000  35000 
1669073933         40000  38000  37000  38000  37000  38000  40000  36000  36000  36000  37000  36000  35000  37000  37000  37000  36000  38000  37000  36000  35000  36000  36000  36000  35000 
1669073944         39000  38000  37000  38000  37000  38000  40000  36000  36000  36000  37000  36000  35000  37000  37000  37000  36000  38000  37000  36000  35000  36000  36000  36000  35000 
1669073954         39000  38000  37000  38000  37000  38000  39000  36000  37000  36000  37000  37000  35000  37000  37000  37000  36000  38000  37000  36000  35000  36000  36000  36000  35000 
1669073964         39000  38000  37000  37000  37000  38000  39000  36000  37000  35000  37000  36000  35000  37000  37000  37000  36000  38000  37000  36000  35000  36000  36000  36000  35000 
1669073974         39000  38000  37000  38000  37000  37000  40000  35000  36000  35000  37000  36000  35000  37000  36000  37000  36000  37000  37000  36000  35000  36000  36000  36000  35000 
1669073985         39000  38000  37000  38000  36000  37000  40000  36000  36000  36000  37000  36000  35000  37000  36000  37000  36000  38000  37000  36000  35000  36000  36000  36000  34000 
1669073995         40000  38000  37000  37000  37000  38000  40000  37000  37000  36000  37000  37000  35000  37000  36000  37000  36000  38000  37000  36000  35000  36000  36000  36000  35000 
1669074005         39000  38000  37000  38000  37000  37000  39000  36000  36000  36000  37000  36000  35000  37000  36000  37000  36000  38000  37000  36000  35000  36000  36000  35000  35000 
1669074016         39000  38000  37000  37000  37000  38000  39000  36000  36000  36000  37000  37000  35000  37000  36000  37000  36000  38000  37000  36000  35000  36000  36000  36000  34000 
1669074026         40000  38000  37000  38000  38000  37000  40000  36000  36000  36000  37000  36000  35000  37000  37000  37000  36000  38000  37000  36000  35000  36000  36000  36000  35000 
1669074036         40000  38000  37000  38000  37000  37000  40000  36000  36000  36000  37000  37000  35000  37000  37000  37000  36000  38000  37000  36000  35000  36000  36000  36000  35000 
1669074046         40000  38000  37000  38000  37000  38000  39000  36000  37000  36000  37000  36000  35000  37000  37000  37000  36000  38000  37000  36000  35000  36000  36000  36000  35000 
1669074057         39000  38000  37000  38000  37000  38000  39000  36000  37000  36000  37000  37000  35000  37000  37000  37000  36000  38000  37000  36000  35000  36000  36000  36000  35000 
1669074067         39000  38000  37000  37000  37000  37000  39000  36000  37000  36000  37000  36000  35000  37000  37000  37000  36000  38000  37000  36000  36000  36000  36000  36000  34000 
1669074077         40000  38000  37000  38000  37000  37000  40000  36000  37000  36000  37000  37000  35000  37000  37000  37000  37000  38000  38000  36000  35000  36000  36000  36000  35000 
1669074087         39000  38000  37000  38000  37000  38000  39000  36000  36000  36000  37000  37000  35000  37000  37000  37000  37000  38000  37000  36000  36000  36000  36000  36000  35000 
1669074098         40000  38000  38000  38000  37000  38000  40000  36000  37000  36000  37000  37000  35000  37000  37000  37000  37000  38000  38000  36000  35000  36000  36000  36000  35000 
1669074108         39000  38000  37000  38000  37000  38000  39000  36000  37000  36000  37000  37000  35000  38000  37000  37000  36000  38000  37000  36000  36000  36000  36000  37000  35000 
1669074118         40000  38000  37000  38000  37000  37000  39000  36000  37000  36000  37000  36000  35000  37000  37000  37000  36000  38000  37000  36000  36000  36000  36000  35000  35000 
1669074129         41000  38000  37000  38000  37000  38000  40000  37000  37000  36000  37000  36000  35000  37000  37000  37000  36000  38000  37000  37000  35000  36000  36000  36000  34000 
1669074139         41000  38000  37000  38000  37000  38000  41000  37000  37000  36000  37000  36000  35000  38000  37000  37000  36000  38000  37000  37000  36000  36000  36000  35000  35000 
1669074149         40000  39000  38000  39000  38000  38000  40000  37000  37000  36000  37000  37000  36000  37000  37000  38000  37000  38000  37000  36000  37000  36000  36000  36000  35000 
1669074159         40000  39000  37000  38000  38000  38000  40000  36000  36000  36000  37000  37000  36000  37000  36000  37000  37000  38000  37000  36000  36000  36000  36000  36000  35000 
1669074170         40000  38000  37000  38000  38000  37000  40000  36000  37000  36000  37000  37000  36000  37000  36000  38000  37000  38000  37000  36000  36000  36000  36000  37000  35000 
1669074180         39000  38000  37000  38000  38000  38000  39000  36000  36000  36000  37000  37000  35000  37000  37000  37000  37000  38000  37000  36000  35000  36000  36000  36000  35000 
1669074190         40000  38000  37000  39000  38000  38000  39000  36000  37000  36000  38000  37000  35000  37000  37000  38000  37000  38000  37000  36000  36000  36000  36000  36000  35000 
1669074201         39000  38000  37000  38000  38000  38000  39000  36000  37000  37000  37000  37000  35000  37000  37000  38000  37000  38000  37000  36000  35000  36000  36000  36000  35000 
1669074211         40000  38000  38000  39000  38000  38000  39000  36000  37000  36000  38000  37000  35000  37000  37000  38000  37000  38000  37000  36000  35000  36000  36000  36000  35000 
1669074221         39000  38000  38000  39000  38000  38000  40000  37000  37000  37000  38000  37000  35000  37000  37000  38000  37000  38000  38000  37000  36000  36000  36000  36000  35000 
1669074231         40000  39000  38000  38000  38000  38000  39000  36000  37000  36000  38000  37000  35000  38000  37000  38000  37000  38000  38000  36000  36000  36000  36000  36000  35000 
1669074242         40000  38000  37000  38000  38000  38000  41000  37000  37000  36000  38000  37000  35000  37000  37000  38000  37000  38000  37000  36000  35000  36000  36000  36000  35000 
1669074252         40000  38000  37000  39000  38000  38000  40000  36000  37000  36000  38000  37000  35000  37000  37000  38000  37000  38000  38000  36000  35000  36000  36000  36000  35000 
1669074262         40000  38000  37000  39000  38000  39000  39000  36000  37000  36000  37000  37000  36000  37000  37000  37000  37000  38000  38000  37000  36000  36000  36000  37000  35000 
1669074273         40000  38000  38000  38000  37000  38000  40000  36000  37000  36000  38000  37000  35000  37000  37000  37000  36000  38000  37000  36000  35000  36000  36000  36000  35000 
1669074283         40000  38000  37000  38000  37000  38000  39000  36000  37000  36000  38000  37000  35000  37000  37000  37000  37000  38000  37000  36000  35000  36000  37000  36000  35000 
1669074293         41000  38000  37000  38000  37000  38000  40000  37000  37000  36000  37000  37000  35000  37000  37000  37000  37000  38000  37000  36000  35000  36000  36000  36000  35000 
1669074303         41000  38000  37000  38000  37000  38000  41000  37000  37000  36000  37000  37000  35000  37000  37000  37000  37000  38000  38000  36000  35000  36000  36000  36000  35000 
1669074314         41000  38000  37000  38000  37000  38000  41000  37000  37000  36000  38000  37000  35000  37000  37000  37000  36000  38000  38000  35000  35000  36000  36000  36000  35000 
