TIME                CPU1  Core0  Core1  Core2  Core3  Core4  Core5  Core8  Core9 Core10 Core11 Core12 Core13 Core16 Core17 Core18 Core19 Core20 Core21 Core24 Core25 Core26 Core27 Core28 Core29
1669072351         44000  43000  41000  41000  41000  40000  44000  40000  40000  41000  40000  40000  39000  41000  41000  43000  40000  41000  40000  40000  39000  40000  39000  40000  39000 
1669072361         44000  41000  40000  40000  40000  39000  44000  39000  39000  39000  39000  39000  38000  39000  40000  41000  39000  40000  38000  38000  37000  38000  38000  39000  38000 
1669072371         42000  40000  39000  39000  39000  38000  41000  37000  37000  38000  38000  38000  37000  38000  39000  40000  38000  39000  38000  37000  37000  37000  37000  38000  37000 
1669072382         41000  40000  38000  38000  38000  38000  41000  35000  36000  37000  37000  37000  36000  37000  38000  39000  37000  39000  37000  36000  35000  36000  36000  37000  36000 
1669072392         40000  39000  38000  37000  38000  37000  40000  35000  36000  37000  36000  36000  36000  37000  37000  39000  37000  38000  36000  35000  35000  35000  36000  36000  36000 
1669072402         39000  38000  37000  37000  37000  36000  40000  35000  35000  36000  36000  36000  36000  36000  37000  38000  36000  37000  35000  35000  35000  35000  35000  36000  36000 
1669072412         41000  38000  37000  37000  37000  36000  41000  34000  35000  35000  35000  35000  35000  36000  36000  38000  35000  37000  35000  35000  34000  34000  34000  36000  34000 
1669072423         40000  38000  37000  36000  36000  37000  40000  34000  34000  35000  34000  35000  34000  36000  36000  37000  35000  37000  35000  34000  34000  34000  34000  35000  35000 
1669072433         38000  37000  36000  36000  36000  35000  38000  34000  34000  35000  34000  35000  34000  35000  36000  37000  34000  36000  35000  33000  33000  34000  34000  35000  34000 
1669072443         39000  37000  35000  37000  35000  35000  39000  33000  34000  34000  34000  34000  34000  34000  36000  37000  34000  36000  34000  33000  33000  33000  33000  35000  34000 
1669072453         39000  36000  35000  35000  35000  36000  39000  33000  33000  34000  33000  33000  33000  34000  35000  36000  34000  35000  34000  32000  32000  33000  33000  34000  33000 
1669072464         38000  36000  35000  35000  34000  35000  38000  33000  33000  33000  33000  33000  33000  34000  35000  35000  34000  35000  33000  32000  32000  32000  33000  34000  33000 
1669072474         38000  36000  34000  35000  34000  34000  38000  34000  33000  33000  33000  33000  32000  33000  34000  35000  33000  35000  33000  32000  32000  32000  32000  33000  33000 
1669072484         36000  35000  34000  33000  34000  33000  37000  32000  32000  33000  32000  33000  32000  33000  34000  35000  33000  34000  33000  32000  32000  32000  32000  33000  32000 
1669072495         35000  35000  34000  34000  34000  33000  36000  31000  32000  33000  32000  33000  32000  33000  34000  35000  32000  34000  32000  31000  32000  32000  32000  33000  32000 
1669072505         37000  35000  34000  34000  34000  35000  37000  32000  32000  33000  32000  33000  32000  33000  34000  34000  33000  34000  32000  31000  31000  32000  32000  33000  32000 
1669072515         37000  35000  34000  34000  34000  35000  37000  31000  32000  32000  32000  32000  32000  33000  33000  34000  32000  34000  32000  31000  31000  31000  32000  33000  32000 
1669072525         37000  35000  33000  34000  34000  35000  37000  31000  32000  32000  32000  32000  32000  33000  34000  35000  32000  34000  32000  31000  31000  31000  32000  32000  32000 
1669072536         37000  35000  34000  34000  34000  33000  37000  31000  31000  32000  32000  32000  32000  32000  34000  35000  32000  34000  32000  31000  31000  31000  32000  33000  32000 
1669072546         36000  35000  34000  33000  33000  33000  36000  32000  32000  33000  32000  32000  32000  33000  34000  35000  32000  34000  32000  31000  31000  32000  32000  33000  32000 
1669072556         38000  35000  34000  34000  34000  33000  38000  33000  32000  32000  32000  33000  32000  33000  34000  35000  33000  34000  32000  32000  31000  32000  32000  33000  32000 
1669072566         38000  35000  34000  34000  35000  33000  38000  32000  32000  33000  32000  33000  32000  33000  34000  35000  33000  34000  32000  31000  32000  32000  31000  33000  32000 
1669072577         36000  35000  34000  34000  34000  33000  36000  32000  32000  32000  32000  33000  32000  33000  34000  35000  32000  34000  32000  32000  31000  32000  32000  33000  32000 
1669072587         37000  36000  34000  34000  34000  33000  36000  31000  32000  33000  32000  32000  32000  33000  34000  35000  33000  34000  32000  31000  31000  31000  31000  33000  32000 
1669072597         36000  35000  34000  34000  33000  33000  36000  32000  32000  32000  32000  32000  32000  33000  34000  35000  33000  34000  32000  31000  31000  32000  32000  33000  32000 
1669072607         38000  36000  35000  34000  34000  35000  37000  32000  32000  32000  32000  33000  32000  33000  34000  35000  33000  34000  32000  31000  31000  31000  31000  33000  32000 
1669072618         38000  34000  33000  33000  34000  33000  38000  33000  32000  32000  32000  32000  32000  32000  34000  34000  33000  34000  32000  31000  31000  31000  31000  32000  32000 
1669072628         36000  34000  34000  33000  33000  32000  36000  31000  31000  32000  31000  32000  32000  32000  33000  34000  32000  34000  32000  31000  31000  31000  30000  32000  32000 
1669072638         37000  34000  33000  33000  33000  35000  37000  31000  31000  32000  32000  32000  31000  32000  33000  33000  32000  34000  32000  31000  31000  31000  30000  32000  31000 
1669072649         36000  35000  34000  34000  35000  34000  37000  33000  33000  34000  34000  34000  33000  34000  34000  35000  34000  35000  34000  33000  33000  33000  32000  34000  33000 
1669072659         38000  35000  34000  34000  35000  34000  38000  33000  33000  33000  33000  33000  34000  34000  35000  36000  33000  35000  33000  33000  33000  33000  32000  33000  33000 
1669072669         36000  35000  34000  34000  33000  33000  36000  31000  32000  32000  32000  32000  32000  33000  34000  34000  33000  34000  33000  31000  31000  31000  31000  33000  32000 
1669072679         37000  35000  33000  33000  33000  35000  37000  31000  31000  32000  32000  32000  31000  32000  34000  35000  32000  34000  32000  31000  31000  31000  31000  32000  32000 
1669072690         36000  34000  34000  33000  33000  32000  35000  31000  32000  32000  31000  31000  32000  32000  33000  34000  32000  33000  32000  31000  31000  31000  31000  32000  32000 
1669072700         37000  34000  33000  33000  33000  32000  37000  31000  31000  32000  31000  31000  32000  32000  33000  34000  32000  33000  32000  31000  31000  31000  31000  32000  32000 
1669072710         36000  34000  32000  33000  33000  32000  36000  30000  31000  32000  31000  31000  31000  32000  33000  34000  32000  33000  32000  30000  31000  31000  31000  32000  32000 
1669072720         35000  34000  33000  32000  33000  32000  35000  31000  31000  32000  31000  31000  31000  32000  33000  34000  32000  33000  32000  30000  31000  31000  31000  32000  31000 
1669072731         36000  34000  33000  33000  33000  32000  36000  30000  31000  31000  31000  31000  31000  32000  33000  34000  32000  34000  32000  31000  31000  31000  31000  32000  31000 
1669072741         35000  34000  33000  33000  33000  32000  35000  31000  31000  32000  32000  31000  31000  32000  33000  34000  32000  33000  32000  31000  31000  31000  31000  32000  31000 
1669072751         37000  34000  33000  33000  33000  32000  37000  31000  32000  31000  32000  32000  33000  32000  33000  34000  32000  33000  32000  31000  31000  31000  32000  32000  32000 
1669072761         37000  34000  34000  34000  33000  33000  37000  31000  32000  32000  32000  32000  31000  32000  33000  34000  32000  34000  32000  31000  31000  31000  31000  32000  32000 
1669072772         37000  35000  33000  35000  33000  33000  38000  31000  31000  32000  32000  32000  31000  32000  33000  34000  32000  34000  32000  31000  31000  31000  31000  32000  31000 
1669072782         36000  34000  33000  34000  33000  32000  36000  32000  32000  32000  32000  32000  31000  33000  34000  35000  32000  34000  32000  30000  31000  32000  32000  32000  32000 
1669072792         37000  35000  33000  35000  34000  33000  37000  31000  32000  32000  32000  32000  31000  32000  33000  34000  32000  34000  32000  31000  31000  31000  31000  32000  32000 
1669072803         37000  35000  34000  34000  33000  33000  37000  31000  32000  32000  32000  32000  31000  32000  33000  34000  32000  34000  32000  31000  31000  31000  31000  32000  32000 
1669072813         36000  35000  34000  34000  33000  33000  36000  31000  32000  33000  32000  32000  32000  32000  34000  35000  33000  34000  32000  31000  31000  31000  32000  33000  32000 
1669072823         36000  35000  33000  34000  33000  33000  36000  31000  32000  33000  32000  32000  32000  32000  34000  35000  32000  34000  32000  31000  31000  31000  31000  33000  32000 
1669072833         38000  35000  33000  34000  34000  33000  37000  32000  31000  32000  32000  32000  33000  33000  34000  34000  32000  34000  32000  31000  31000  31000  32000  32000  32000 
1669072844         37000  35000  33000  33000  34000  34000  37000  31000  32000  32000  32000  32000  32000  32000  33000  35000  32000  33000  32000  31000  31000  31000  31000  32000  32000 
1669072854         36000  34000  33000  33000  33000  33000  36000  31000  31000  32000  32000  32000  31000  32000  33000  34000  31000  33000  32000  30000  31000  31000  32000  32000  31000 
1669072864         37000  34000  33000  33000  33000  34000  37000  30000  31000  32000  31000  31000  31000  32000  33000  34000  32000  33000  32000  30000  31000  31000  31000  32000  31000 
1669072874         35000  34000  33000  33000  33000  32000  35000  31000  31000  32000  31000  31000  31000  32000  33000  34000  31000  33000  31000  30000  31000  31000  31000  32000  31000 
1669072885         35000  34000  33000  33000  33000  32000  35000  30000  31000  31000  31000  31000  31000  32000  33000  33000  31000  33000  31000  30000  30000  31000  30000  32000  31000 
1669072895         35000  34000  33000  33000  33000  32000  35000  30000  31000  31000  31000  31000  31000  32000  33000  33000  31000  33000  31000  30000  30000  30000  30000  31000  30000 
1669072905         36000  34000  32000  33000  33000  33000  36000  30000  31000  31000  31000  31000  31000  32000  33000  33000  31000  33000  31000  30000  30000  30000  30000  31000  31000 
1669072916         36000  32000  32000  32000  32000  33000  36000  30000  30000  30000  30000  31000  31000  31000  32000  32000  31000  32000  31000  30000  30000  30000  30000  31000  31000 
1669072926         36000  32000  32000  32000  32000  32000  36000  31000  30000  31000  30000  30000  30000  31000  32000  32000  31000  32000  31000  30000  30000  30000  30000  31000  31000 
1669072936         36000  32000  32000  32000  32000  31000  36000  31000  30000  30000  31000  31000  30000  31000  32000  32000  31000  32000  31000  30000  30000  30000  30000  31000  30000 
1669072946         36000  34000  33000  33000  34000  33000  36000  32000  32000  33000  32000  33000  33000  32000  34000  34000  33000  34000  32000  32000  32000  31000  31000  32000  32000 
1669072957         35000  34000  33000  34000  33000  33000  35000  32000  33000  33000  33000  33000  32000  33000  34000  35000  32000  34000  33000  32000  33000  32000  32000  33000  31000 
1669072967         36000  35000  34000  34000  33000  33000  36000  32000  32000  33000  32000  32000  32000  33000  34000  35000  32000  34000  32000  31000  31000  31000  32000  32000  32000 
1669072977         37000  35000  34000  34000  35000  33000  37000  31000  32000  33000  32000  32000  32000  32000  34000  35000  32000  34000  32000  31000  31000  31000  31000  32000  32000 
1669072987         37000  35000  34000  33000  33000  33000  37000  32000  32000  33000  32000  32000  32000  33000  34000  35000  32000  34000  32000  31000  31000  31000  31000  32000  31000 
1669072998         37000  35000  34000  34000  34000  33000  37000  31000  32000  33000  32000  32000  32000  32000  34000  34000  32000  34000  32000  31000  32000  32000  32000  33000  32000 
1669073008         36000  35000  34000  33000  33000  33000  35000  31000  32000  32000  32000  32000  32000  33000  34000  34000  32000  34000  32000  31000  32000  31000  32000  33000  32000 
1669073018         36000  35000  34000  34000  33000  33000  36000  31000  32000  33000  32000  32000  32000  32000  34000  35000  33000  34000  32000  31000  31000  31000  31000  32000  31000 
1669073029         36000  35000  34000  34000  33000  34000  37000  32000  32000  32000  32000  32000  32000  33000  34000  35000  32000  34000  32000  31000  31000  32000  31000  32000  32000 
1669073039         36000  35000  34000  34000  33000  33000  36000  31000  31000  32000  32000  32000  31000  32000  34000  34000  32000  34000  32000  31000  31000  31000  31000  32000  32000 
1669073049         37000  34000  33000  33000  33000  34000  37000  31000  31000  32000  32000  32000  31000  32000  33000  34000  32000  33000  32000  30000  31000  31000  31000  32000  32000 
1669073059         35000  34000  33000  33000  33000  33000  35000  31000  31000  32000  32000  31000  31000  32000  33000  34000  32000  34000  32000  30000  31000  31000  31000  32000  32000 
1669073070         35000  34000  33000  33000  33000  33000  36000  30000  31000  31000  31000  32000  31000  32000  33000  34000  32000  33000  31000  30000  30000  31000  31000  32000  31000 
1669073080         36000  34000  33000  32000  33000  32000  36000  31000  31000  31000  31000  31000  31000  31000  33000  34000  31000  33000  31000  30000  31000  30000  31000  32000  31000 
1669073090         35000  34000  33000  32000  33000  32000  35000  31000  31000  31000  31000  31000  31000  32000  32000  34000  31000  33000  31000  30000  30000  30000  31000  32000  31000 
1669073100         35000  34000  32000  32000  32000  32000  35000  31000  31000  31000  31000  31000  31000  32000  33000  34000  31000  33000  31000  30000  30000  30000  31000  32000  31000 
1669073111         35000  34000  33000  33000  32000  32000  35000  30000  31000  31000  31000  31000  31000  31000  33000  33000  31000  33000  31000  30000  30000  30000  31000  31000  31000 
1669073121         36000  34000  32000  32000  32000  34000  36000  31000  30000  31000  31000  31000  31000  31000  33000  34000  31000  33000  31000  30000  30000  30000  31000  31000  31000 
1669073131         36000  34000  33000  33000  32000  32000  37000  32000  31000  32000  31000  31000  31000  32000  33000  33000  31000  33000  31000  31000  30000  30000  31000  31000  30000 
1669073142         35000  34000  33000  33000  32000  32000  35000  31000  31000  32000  31000  31000  31000  32000  33000  34000  32000  33000  31000  30000  31000  31000  31000  32000  31000 
1669073152         36000  34000  34000  33000  33000  32000  36000  31000  31000  32000  31000  31000  31000  32000  33000  34000  32000  33000  32000  30000  30000  31000  31000  32000  31000 
1669073162         35000  34000  33000  33000  33000  32000  35000  31000  31000  32000  32000  31000  31000  32000  33000  34000  32000  33000  31000  30000  31000  31000  31000  32000  32000 
1669073172         37000  35000  33000  34000  33000  32000  36000  31000  31000  32000  31000  31000  31000  32000  33000  34000  32000  33000  31000  30000  31000  31000  31000  32000  31000 
1669073183         36000  34000  34000  33000  33000  33000  37000  31000  31000  32000  31000  32000  31000  32000  34000  34000  32000  34000  32000  31000  31000  31000  31000  32000  31000 
1669073193         37000  34000  34000  33000  33000  33000  37000  31000  31000  31000  31000  31000  31000  32000  33000  33000  31000  33000  32000  30000  31000  31000  30000  32000  31000 
1669073203         37000  34000  33000  33000  33000  34000  37000  31000  31000  31000  31000  31000  31000  32000  33000  33000  31000  33000  31000  30000  30000  31000  30000  32000  31000 
1669073213         37000  33000  33000  34000  33000  32000  37000  31000  31000  31000  31000  32000  31000  32000  33000  33000  31000  33000  32000  30000  30000  31000  30000  32000  31000 
1669073224         36000  33000  33000  33000  32000  33000  36000  31000  31000  31000  31000  31000  31000  31000  33000  33000  31000  33000  31000  30000  30000  30000  30000  32000  31000 
1669073234         37000  33000  33000  33000  33000  32000  37000  30000  31000  31000  31000  31000  31000  31000  32000  33000  31000  33000  31000  30000  30000  30000  30000  31000  31000 
1669073244         34000  34000  34000  33000  33000  32000  34000  32000  32000  33000  32000  33000  32000  33000  33000  34000  33000  34000  32000  32000  32000  32000  31000  32000  32000 
1669073255         35000  34000  33000  33000  33000  33000  35000  32000  32000  33000  32000  33000  32000  32000  33000  35000  32000  34000  33000  32000  32000  33000  32000  33000  32000 
1669073265         35000  34000  33000  33000  33000  32000  35000  32000  31000  32000  31000  31000  31000  32000  33000  33000  32000  33000  32000  32000  31000  31000  31000  32000  31000 
1669073275         35000  34000  33000  32000  33000  31000  35000  30000  31000  31000  31000  31000  31000  32000  32000  33000  32000  33000  31000  30000  30000  31000  31000  31000  31000 
1669073285         35000  34000  32000  32000  32000  32000  35000  30000  31000  31000  31000  31000  31000  31000  32000  32000  31000  33000  31000  30000  30000  30000  30000  32000  31000 
1669073296         34000  34000  33000  32000  32000  32000  34000  30000  30000  31000  31000  31000  31000  32000  32000  33000  31000  33000  31000  30000  30000  30000  30000  31000  31000 
1669073306         36000  34000  32000  32000  33000  32000  36000  30000  30000  31000  30000  31000  31000  31000  32000  32000  31000  32000  31000  30000  30000  30000  30000  31000  30000 
1669073316         36000  33000  32000  33000  33000  32000  36000  30000  30000  31000  31000  31000  31000  31000  32000  32000  31000  33000  31000  30000  30000  30000  30000  31000  30000 
1669073326         34000  33000  33000  32000  32000  32000  34000  30000  30000  31000  31000  31000  31000  31000  33000  33000  31000  33000  31000  30000  30000  30000  30000  31000  31000 
1669073337         37000  34000  33000  32000  34000  32000  37000  31000  31000  31000  31000  32000  31000  32000  33000  33000  31000  33000  31000  30000  30000  30000  30000  32000  30000 
1669073347         36000  33000  32000  34000  32000  32000  36000  30000  31000  31000  31000  31000  31000  32000  33000  33000  31000  32000  31000  30000  30000  30000  30000  31000  30000 
1669073357         37000  34000  33000  32000  33000  32000  36000  31000  31000  31000  31000  32000  31000  32000  33000  33000  31000  32000  31000  30000  30000  30000  29000  31000  31000 
1669073368         36000  34000  32000  32000  33000  32000  36000  32000  31000  31000  31000  31000  31000  32000  33000  33000  31000  33000  31000  30000  30000  30000  30000  31000  31000 
1669073378         36000  34000  33000  33000  33000  32000  37000  31000  31000  31000  31000  32000  31000  32000  33000  33000  31000  33000  31000  30000  31000  31000  30000  31000  30000 
1669073388         36000  34000  33000  33000  33000  32000  36000  32000  31000  31000  31000  31000  30000  32000  33000  32000  31000  33000  31000  30000  30000  30000  30000  31000  31000 
1669073398         37000  34000  33000  33000  33000  32000  36000  32000  31000  31000  31000  31000  31000  32000  33000  33000  31000  33000  31000  30000  30000  30000  29000  31000  31000 
1669073409         35000  34000  32000  33000  33000  32000  35000  32000  31000  31000  31000  31000  31000  32000  33000  33000  31000  33000  31000  31000  31000  30000  30000  31000  31000 
1669073419         36000  34000  33000  34000  33000  32000  37000  31000  31000  31000  31000  32000  31000  32000  32000  33000  32000  33000  31000  31000  30000  30000  30000  31000  31000 
1669073429         36000  33000  32000  32000  33000  32000  36000  32000  31000  31000  31000  31000  31000  32000  32000  33000  31000  33000  31000  30000  30000  30000  30000  32000  31000 
1669073439         36000  34000  33000  32000  32000  32000  36000  30000  30000  31000  30000  31000  31000  31000  33000  32000  31000  33000  31000  30000  30000  30000  30000  31000  30000 
1669073450         34000  34000  32000  32000  32000  31000  35000  30000  30000  31000  30000  31000  30000  31000  33000  32000  31000  32000  30000  30000  30000  29000  29000  30000  30000 
1669073460         35000  33000  32000  32000  31000  31000  34000  30000  30000  30000  30000  30000  30000  31000  32000  32000  31000  32000  30000  29000  29000  29000  28000  30000  30000 
1669073470         35000  33000  32000  33000  32000  31000  35000  29000  30000  30000  30000  30000  30000  31000  32000  32000  30000  31000  30000  29000  29000  29000  29000  30000  29000 
1669073480         36000  33000  32000  33000  32000  31000  36000  29000  30000  30000  30000  30000  30000  31000  32000  32000  30000  32000  30000  29000  29000  29000  28000  30000  30000 
1669073491         35000  33000  32000  32000  32000  31000  35000  29000  29000  30000  29000  30000  30000  30000  32000  31000  30000  31000  30000  29000  29000  29000  29000  30000  30000 
1669073501         36000  33000  31000  33000  32000  31000  36000  29000  30000  30000  30000  30000  29000  30000  32000  31000  30000  31000  30000  29000  29000  29000  28000  30000  30000 
1669073511         35000  33000  32000  31000  31000  31000  35000  31000  30000  30000  30000  30000  30000  31000  32000  32000  30000  31000  30000  29000  29000  29000  29000  29000  30000 
1669073522         34000  32000  32000  32000  31000  31000  34000  29000  30000  30000  29000  30000  30000  30000  32000  32000  30000  32000  30000  29000  29000  30000  28000  30000  30000 
1669073532         36000  32000  31000  32000  32000  31000  36000  29000  30000  31000  30000  30000  31000  30000  32000  32000  30000  32000  30000  29000  29000  29000  28000  30000  30000 
1669073542         35000  32000  32000  31000  31000  31000  35000  29000  30000  31000  30000  31000  30000  30000  32000  32000  30000  32000  30000  29000  29000  29000  29000  30000  30000 
1669073552         36000  34000  34000  33000  34000  33000  36000  33000  33000  33000  33000  33000  32000  32000  34000  35000  33000  34000  33000  33000  32000  32000  31000  32000  32000 
1669073563         37000  35000  34000  33000  33000  33000  37000  33000  32000  33000  32000  32000  32000  33000  34000  34000  32000  34000  32000  34000  32000  31000  32000  32000  32000 
1669073573         37000  34000  33000  35000  33000  33000  37000  32000  32000  32000  32000  32000  31000  32000  34000  33000  32000  33000  32000  31000  31000  32000  31000  32000  31000 
1669073583         35000  34000  33000  33000  33000  32000  35000  31000  31000  31000  31000  32000  31000  32000  33000  33000  32000  33000  32000  30000  31000  31000  30000  32000  31000 
1669073593         35000  34000  33000  33000  33000  32000  35000  31000  31000  31000  31000  32000  31000  32000  33000  33000  31000  33000  31000  30000  30000  30000  30000  31000  31000 
1669073604         35000  34000  32000  33000  33000  32000  35000  31000  32000  31000  31000  31000  31000  32000  33000  33000  31000  33000  31000  30000  31000  30000  30000  32000  30000 
1669073614         35000  34000  33000  32000  32000  32000  35000  31000  31000  31000  31000  32000  31000  32000  33000  32000  31000  33000  31000  30000  30000  30000  30000  31000  31000 
1669073624         37000  34000  33000  32000  33000  32000  37000  30000  31000  31000  31000  31000  30000  32000  33000  33000  31000  33000  31000  30000  30000  30000  30000  31000  30000 
1669073635         35000  34000  33000  32000  32000  31000  34000  30000  30000  31000  31000  31000  30000  31000  32000  32000  31000  33000  31000  30000  30000  30000  30000  31000  30000 
1669073645         35000  34000  32000  32000  32000  31000  35000  30000  30000  31000  30000  31000  30000  31000  32000  32000  31000  32000  31000  30000  30000  30000  29000  31000  30000 
1669073655         36000  33000  31000  34000  32000  31000  36000  29000  30000  31000  30000  31000  30000  31000  32000  32000  31000  32000  31000  29000  30000  30000  29000  31000  30000 
1669073665         36000  33000  33000  32000  32000  31000  36000  30000  30000  30000  30000  30000  30000  31000  32000  32000  31000  32000  31000  29000  29000  29000  29000  31000  30000 
1669073676         34000  33000  32000  31000  32000  31000  34000  29000  30000  31000  30000  30000  30000  31000  32000  32000  31000  32000  31000  29000  29000  29000  29000  31000  30000 
1669073686         35000  33000  32000  32000  32000  31000  35000  30000  30000  31000  30000  30000  30000  31000  32000  32000  30000  32000  31000  29000  29000  30000  29000  31000  30000 
1669073696         36000  33000  32000  32000  32000  31000  36000  31000  30000  31000  30000  31000  30000  31000  32000  32000  30000  32000  30000  30000  29000  30000  29000  31000  30000 
1669073706         36000  33000  32000  31000  31000  31000  36000  31000  30000  31000  30000  31000  30000  31000  32000  32000  30000  32000  31000  30000  29000  30000  29000  31000  30000 
1669073717         35000  33000  32000  32000  32000  31000  34000  30000  31000  31000  30000  31000  30000  31000  32000  33000  30000  32000  31000  30000  30000  30000  29000  31000  30000 
1669073727         36000  33000  33000  32000  32000  33000  36000  30000  30000  31000  30000  31000  30000  31000  33000  32000  31000  32000  31000  30000  30000  30000  29000  31000  30000 
1669073737         36000  34000  33000  32000  32000  33000  35000  30000  30000  30000  31000  31000  31000  31000  32000  33000  31000  33000  31000  30000  30000  30000  29000  31000  31000 
1669073748         36000  34000  32000  32000  33000  32000  37000  31000  30000  31000  30000  31000  31000  32000  32000  33000  31000  32000  31000  30000  30000  30000  29000  31000  31000 
1669073758         35000  34000  33000  32000  32000  31000  35000  30000  30000  31000  30000  31000  30000  32000  33000  32000  31000  32000  31000  30000  30000  30000  29000  31000  30000 
1669073768         36000  34000  32000  34000  32000  32000  35000  30000  30000  31000  30000  31000  30000  31000  32000  33000  31000  32000  31000  30000  30000  30000  29000  30000  30000 
1669073778         36000  34000  33000  32000  33000  33000  36000  30000  30000  31000  30000  31000  30000  32000  32000  32000  31000  32000  31000  30000  30000  30000  29000  31000  30000 
1669073789         37000  34000  32000  32000  32000  31000  37000  31000  30000  31000  30000  31000  30000  31000  33000  32000  31000  32000  31000  30000  30000  30000  29000  31000  30000 
1669073799         35000  34000  33000  32000  32000  31000  35000  30000  30000  31000  30000  30000  30000  31000  32000  33000  31000  32000  31000  29000  30000  30000  29000  31000  31000 
1669073809         35000  34000  32000  32000  32000  31000  35000  30000  30000  31000  30000  30000  30000  31000  32000  32000  31000  32000  31000  30000  29000  30000  29000  30000  30000 
1669073819         35000  32000  32000  32000  32000  31000  35000  30000  30000  31000  30000  30000  30000  31000  32000  32000  31000  32000  31000  29000  30000  30000  29000  30000  30000 
1669073830         35000  32000  32000  31000  32000  31000  34000  29000  29000  30000  30000  30000  30000  30000  32000  32000  30000  31000  30000  29000  29000  30000  29000  30000  30000 
1669073840         35000  32000  32000  31000  32000  31000  35000  29000  29000  30000  29000  30000  29000  30000  31000  32000  30000  32000  30000  29000  29000  29000  29000  30000  30000 
1669073850         35000  34000  33000  33000  33000  32000  35000  32000  32000  32000  32000  33000  32000  32000  33000  34000  32000  34000  32000  32000  32000  31000  31000  32000  32000 
1669073861         35000  34000  33000  33000  34000  33000  35000  32000  31000  33000  32000  33000  32000  32000  33000  35000  32000  34000  32000  32000  31000  32000  31000  32000  32000 
1669073871         35000  34000  33000  32000  32000  31000  35000  31000  31000  31000  31000  31000  31000  32000  33000  33000  31000  33000  31000  30000  30000  31000  31000  32000  31000 
1669073881         35000  34000  32000  32000  32000  31000  35000  30000  30000  31000  31000  31000  31000  31000  33000  32000  31000  32000  31000  30000  30000  30000  31000  31000  31000 
1669073891         35000  34000  32000  32000  32000  31000  35000  30000  30000  31000  31000  31000  31000  32000  32000  33000  31000  33000  31000  30000  30000  30000  30000  32000  31000 
1669073902         35000  34000  33000  33000  32000  32000  35000  30000  30000  31000  31000  31000  31000  31000  32000  32000  31000  33000  31000  30000  30000  30000  30000  32000  31000 
1669073912         36000  34000  33000  32000  34000  32000  36000  30000  30000  31000  31000  31000  31000  31000  33000  33000  31000  33000  31000  31000  30000  30000  30000  31000  31000 
1669073922         35000  34000  33000  32000  33000  32000  35000  31000  31000  31000  31000  31000  31000  32000  32000  33000  31000  33000  31000  30000  30000  31000  31000  32000  31000 
1669073932         35000  34000  33000  33000  33000  32000  35000  31000  31000  31000  31000  31000  31000  32000  33000  33000  31000  33000  32000  30000  30000  31000  31000  32000  31000 
1669073943         37000  34000  33000  34000  33000  32000  37000  30000  31000  32000  31000  32000  31000  32000  33000  33000  31000  33000  32000  30000  30000  30000  30000  32000  31000 
1669073953         36000  34000  33000  34000  33000  32000  36000  31000  31000  31000  31000  31000  31000  32000  33000  33000  32000  33000  31000  30000  31000  31000  30000  32000  31000 
1669073963         36000  34000  33000  33000  33000  32000  35000  31000  31000  32000  31000  31000  31000  32000  33000  33000  32000  33000  31000  30000  30000  31000  30000  32000  31000 
1669073974         36000  34000  33000  33000  33000  32000  36000  30000  31000  31000  31000  32000  31000  31000  33000  33000  31000  33000  31000  30000  30000  31000  30000  31000  31000 
1669073984         37000  34000  34000  32000  33000  32000  37000  31000  31000  31000  31000  32000  31000  32000  33000  32000  31000  33000  31000  30000  31000  31000  30000  32000  31000 
1669073994         37000  34000  33000  32000  32000  33000  37000  30000  31000  31000  31000  31000  31000  32000  33000  33000  31000  33000  31000  30000  31000  30000  30000  31000  30000 
1669074004         37000  34000  33000  33000  33000  32000  37000  30000  30000  31000  31000  31000  31000  31000  33000  32000  31000  33000  31000  30000  30000  30000  30000  31000  31000 
1669074015         35000  34000  32000  32000  32000  32000  35000  30000  30000  31000  31000  31000  31000  31000  32000  33000  31000  33000  31000  30000  30000  30000  30000  31000  31000 
1669074025         35000  33000  33000  32000  32000  32000  35000  30000  30000  31000  30000  31000  30000  31000  32000  32000  31000  32000  31000  30000  30000  30000  29000  31000  30000 
1669074035         36000  33000  32000  32000  32000  33000  36000  30000  30000  31000  30000  31000  30000  31000  32000  32000  31000  32000  30000  29000  30000  29000  29000  31000  30000 
1669074045         36000  33000  32000  32000  32000  33000  36000  29000  30000  31000  30000  30000  30000  31000  32000  32000  31000  32000  31000  29000  29000  29000  29000  31000  30000 
1669074056         34000  33000  32000  32000  32000  32000  34000  29000  30000  30000  30000  30000  29000  30000  31000  32000  31000  32000  30000  29000  29000  29000  29000  30000  29000 
1669074066         35000  33000  32000  31000  31000  31000  35000  31000  30000  30000  30000  30000  29000  31000  32000  32000  30000  32000  30000  29000  29000  29000  29000  30000  30000 
1669074076         35000  33000  32000  32000  32000  31000  35000  29000  30000  30000  29000  30000  30000  30000  32000  32000  30000  32000  30000  29000  30000  29000  28000  30000  30000 
1669074087         35000  33000  32000  32000  31000  32000  35000  30000  29000  30000  29000  30000  30000  30000  31000  32000  30000  31000  30000  29000  29000  29000  29000  30000  29000 
1669074097         34000  33000  32000  32000  32000  31000  34000  29000  30000  30000  30000  30000  29000  31000  32000  32000  30000  31000  30000  29000  29000  30000  28000  29000  30000 
1669074107         36000  33000  32000  32000  32000  31000  36000  31000  30000  30000  30000  30000  29000  31000  32000  32000  30000  32000  30000  30000  29000  29000  29000  30000  30000 
1669074117         36000  32000  32000  31000  32000  31000  36000  31000  30000  30000  29000  30000  30000  31000  32000  32000  30000  32000  30000  30000  29000  30000  29000  30000  30000 
1669074128         34000  32000  32000  32000  32000  31000  35000  29000  30000  30000  30000  30000  30000  30000  32000  32000  31000  32000  31000  29000  30000  29000  29000  30000  30000 
1669074138         35000  32000  32000  32000  32000  31000  34000  29000  30000  31000  30000  30000  30000  30000  32000  32000  30000  32000  30000  29000  29000  29000  29000  30000  30000 
1669074148         36000  34000  34000  33000  34000  32000  35000  33000  32000  33000  33000  33000  32000  33000  34000  35000  33000  34000  32000  32000  32000  33000  31000  32000  32000 
1669074158         36000  35000  34000  33000  34000  32000  36000  33000  33000  33000  32000  32000  32000  33000  34000  34000  32000  34000  32000  33000  33000  32000  31000  32000  32000 
1669074169         36000  34000  34000  33000  33000  33000  36000  31000  31000  32000  31000  32000  32000  32000  34000  34000  32000  34000  32000  31000  31000  31000  32000  32000  32000 
1669074179         37000  34000  33000  34000  33000  33000  37000  31000  31000  32000  31000  32000  32000  32000  33000  33000  32000  34000  32000  31000  31000  31000  31000  32000  32000 
1669074189         37000  35000  33000  34000  33000  32000  37000  31000  31000  31000  31000  32000  31000  32000  33000  33000  32000  34000  32000  31000  31000  31000  31000  32000  32000 
1669074200         35000  35000  33000  33000  33000  32000  35000  31000  32000  32000  31000  32000  31000  32000  33000  33000  32000  33000  32000  30000  31000  31000  31000  32000  31000 
1669074210         36000  34000  33000  33000  33000  32000  35000  30000  31000  32000  31000  32000  31000  32000  33000  33000  32000  33000  32000  30000  31000  31000  31000  32000  31000 
1669074220         35000  34000  33000  33000  32000  32000  35000  30000  31000  31000  31000  32000  31000  32000  33000  33000  31000  33000  31000  30000  31000  31000  31000  32000  31000 
1669074230         35000  34000  33000  32000  33000  32000  35000  30000  30000  31000  31000  31000  31000  31000  33000  33000  31000  33000  31000  30000  31000  31000  31000  31000  30000 
1669074241         36000  34000  32000  33000  33000  31000  36000  30000  30000  31000  30000  31000  31000  31000  32000  33000  31000  33000  31000  29000  30000  30000  30000  32000  31000 
1669074251         34000  33000  33000  32000  32000  31000  35000  30000  30000  31000  30000  31000  31000  31000  32000  32000  31000  33000  31000  29000  30000  30000  30000  31000  31000 
1669074261         36000  33000  32000  32000  32000  32000  36000  31000  30000  31000  30000  31000  31000  31000  32000  32000  31000  32000  31000  30000  30000  30000  30000  31000  30000 
1669074271         36000  33000  32000  32000  32000  33000  36000  30000  30000  31000  31000  31000  31000  31000  32000  32000  31000  32000  31000  29000  30000  30000  31000  31000  30000 
1669074282         34000  34000  32000  32000  32000  31000  35000  30000  30000  30000  30000  31000  30000  31000  32000  32000  31000  32000  31000  30000  30000  30000  30000  31000  30000 
1669074292         36000  33000  32000  33000  32000  31000  36000  30000  30000  31000  30000  31000  31000  31000  32000  32000  31000  33000  31000  30000  30000  30000  30000  31000  30000 
1669074302         36000  34000  33000  33000  32000  32000  36000  32000  30000  31000  30000  31000  31000  32000  33000  33000  31000  33000  31000  30000  31000  30000  30000  31000  31000 
1669074313         37000  34000  33000  32000  33000  32000  37000  32000  31000  31000  31000  32000  31000  32000  33000  33000  31000  33000  31000  31000  30000  30000  31000  32000  31000 
