TIME                CPU1  Core0  Core1  Core2  Core3  Core4  Core5  Core8  Core9 Core10 Core11 Core12 Core13 Core16 Core17 Core18 Core19 Core20 Core21 Core24 Core25 Core26 Core27 Core28 Core29
1669072351         44000  44000  43000  43000  43000  42000  43000  40000  42000  43000  43000  41000  41000  41000  43000  44000  44000  42000  41000  39000  41000  42000  42000  40000  39000 
1669072361         43000  43000  42000  42000  42000  40000  42000  39000  40000  42000  41000  40000  39000  40000  42000  43000  43000  41000  39000  37000  39000  41000  41000  39000  37000 
1669072371         42000  42000  41000  41000  41000  39000  40000  38000  40000  41000  40000  38000  38000  39000  41000  42000  42000  39000  38000  36000  39000  40000  40000  38000  36000 
1669072382         41000  41000  40000  41000  40000  39000  40000  37000  38000  39000  39000  38000  37000  39000  40000  41000  40000  39000  38000  36000  38000  39000  39000  37000  35000 
1669072392         40000  40000  39000  39000  40000  38000  39000  37000  38000  39000  39000  37000  36000  38000  39000  40000  40000  38000  37000  35000  37000  39000  38000  36000  35000 
1669072402         40000  40000  39000  39000  40000  37000  39000  36000  37000  38000  38000  37000  36000  37000  39000  40000  40000  38000  37000  35000  36000  38000  38000  36000  34000 
1669072413         40000  39000  39000  39000  39000  37000  39000  36000  37000  38000  38000  36000  35000  37000  38000  39000  39000  37000  36000  34000  36000  38000  37000  35000  34000 
1669072423         39000  39000  39000  39000  38000  38000  39000  35000  36000  37000  37000  36000  35000  37000  38000  39000  39000  37000  36000  33000  35000  37000  37000  35000  33000 
1669072433         39000  38000  38000  38000  37000  37000  38000  35000  36000  37000  37000  36000  35000  36000  37000  38000  38000  36000  36000  33000  35000  37000  36000  35000  33000 
1669072443         38000  39000  38000  37000  37000  36000  38000  34000  35000  37000  37000  35000  34000  35000  37000  38000  38000  36000  35000  33000  35000  37000  36000  34000  33000 
1669072454         38000  38000  37000  37000  37000  36000  37000  34000  35000  36000  37000  35000  34000  35000  37000  38000  38000  36000  35000  32000  35000  37000  36000  34000  33000 
1669072464         38000  38000  37000  37000  37000  36000  37000  34000  35000  36000  36000  35000  34000  35000  37000  38000  37000  36000  35000  32000  34000  36000  36000  34000  33000 
1669072474         38000  38000  36000  37000  37000  35000  37000  33000  35000  36000  36000  35000  33000  35000  36000  38000  37000  36000  34000  32000  34000  36000  36000  34000  32000 
1669072484         38000  37000  36000  37000  37000  35000  37000  33000  35000  35000  36000  35000  34000  35000  36000  37000  37000  35000  34000  32000  34000  36000  35000  34000  32000 
1669072495         37000  37000  37000  37000  37000  35000  37000  33000  34000  36000  36000  34000  33000  34000  36000  37000  37000  36000  34000  32000  34000  36000  35000  33000  32000 
1669072505         38000  37000  36000  36000  36000  36000  37000  33000  34000  35000  36000  34000  33000  35000  36000  37000  37000  35000  34000  31000  34000  35000  35000  33000  32000 
1669072515         37000  37000  36000  36000  36000  35000  36000  33000  34000  35000  35000  34000  33000  34000  36000  36000  37000  35000  34000  31000  33000  35000  35000  33000  32000 
1669072526         38000  37000  36000  36000  36000  36000  37000  33000  34000  35000  35000  34000  33000  34000  36000  36000  36000  35000  34000  31000  33000  35000  35000  33000  32000 
1669072536         37000  37000  36000  37000  36000  34000  37000  32000  33000  35000  35000  34000  32000  34000  36000  35000  36000  35000  34000  31000  33000  35000  35000  33000  31000 
1669072546         37000  37000  36000  36000  36000  34000  36000  33000  34000  34000  35000  34000  33000  34000  35000  35000  36000  35000  34000  31000  33000  35000  34000  33000  31000 
1669072556         36000  36000  35000  35000  35000  34000  36000  32000  34000  34000  35000  34000  33000  34000  35000  36000  36000  34000  34000  31000  33000  35000  34000  32000  31000 
1669072567         36000  36000  35000  35000  35000  34000  35000  32000  33000  34000  35000  33000  32000  34000  35000  36000  36000  34000  33000  31000  33000  35000  35000  32000  30000 
1669072577         36000  36000  35000  35000  35000  34000  35000  32000  33000  34000  34000  33000  32000  33000  35000  36000  35000  34000  33000  31000  33000  35000  34000  31000  31000 
1669072587         37000  35000  35000  35000  35000  34000  37000  33000  33000  34000  34000  33000  32000  33000  34000  35000  36000  34000  33000  30000  32000  34000  34000  31000  31000 
1669072597         37000  35000  34000  35000  35000  35000  37000  31000  32000  33000  34000  33000  32000  32000  33000  35000  35000  34000  33000  30000  32000  34000  34000  31000  30000 
1669072608         35000  35000  34000  34000  35000  34000  35000  32000  32000  33000  34000  33000  32000  32000  33000  34000  35000  34000  32000  30000  32000  34000  33000  31000  30000 
1669072618         36000  34000  34000  34000  35000  33000  36000  33000  32000  33000  33000  32000  31000  32000  33000  34000  35000  33000  32000  30000  32000  33000  33000  30000  30000 
1669072628         35000  34000  33000  34000  34000  33000  35000  31000  32000  33000  34000  32000  31000  32000  33000  34000  34000  33000  31000  30000  32000  33000  33000  30000  29000 
1669072639         35000  34000  34000  34000  34000  33000  34000  31000  32000  33000  33000  32000  31000  32000  33000  34000  34000  33000  31000  29000  31000  33000  33000  30000  29000 
1669072649         36000  36000  35000  35000  35000  33000  35000  32000  33000  35000  34000  33000  33000  34000  35000  36000  36000  35000  32000  31000  32000  34000  34000  32000  30000 
1669072659         36000  36000  35000  36000  35000  35000  35000  33000  34000  35000  35000  33000  33000  34000  35000  36000  36000  35000  33000  31000  33000  34000  34000  32000  31000 
1669072669         36000  36000  35000  35000  35000  34000  35000  32000  33000  35000  34000  33000  33000  34000  35000  35000  35000  34000  33000  31000  32000  34000  34000  32000  31000 
1669072680         36000  36000  36000  36000  36000  34000  35000  32000  34000  35000  35000  34000  32000  34000  35000  36000  36000  34000  33000  31000  33000  35000  34000  32000  31000 
1669072690         36000  36000  36000  36000  36000  34000  35000  33000  34000  35000  35000  33000  33000  34000  35000  36000  36000  34000  33000  31000  33000  35000  35000  32000  31000 
1669072700         36000  36000  35000  35000  36000  34000  36000  34000  34000  34000  34000  33000  32000  34000  35000  35000  36000  34000  33000  31000  33000  34000  34000  32000  31000 
1669072710         36000  36000  35000  35000  35000  34000  35000  33000  34000  35000  35000  33000  32000  34000  35000  36000  36000  34000  32000  31000  33000  35000  34000  32000  31000 
1669072721         36000  36000  35000  35000  35000  34000  35000  32000  34000  34000  35000  33000  32000  33000  35000  36000  36000  34000  32000  31000  33000  35000  34000  32000  31000 
1669072731         36000  36000  35000  36000  35000  34000  35000  33000  34000  34000  34000  33000  32000  33000  35000  35000  35000  34000  32000  31000  33000  35000  34000  32000  31000 
1669072741         36000  35000  35000  35000  35000  34000  35000  32000  34000  34000  35000  33000  32000  33000  35000  35000  36000  34000  32000  31000  33000  35000  34000  31000  30000 
1669072752         36000  35000  35000  35000  35000  35000  37000  32000  34000  34000  34000  33000  32000  33000  35000  35000  35000  34000  32000  31000  33000  34000  34000  30000  30000 
1669072762         36000  35000  34000  35000  36000  33000  36000  32000  34000  34000  34000  32000  31000  33000  35000  35000  35000  33000  32000  31000  32000  34000  34000  30000  30000 
1669072772         35000  34000  34000  34000  34000  33000  35000  31000  33000  33000  34000  32000  31000  32000  34000  35000  35000  33000  31000  30000  32000  34000  33000  30000  30000 
1669072782         36000  34000  34000  34000  35000  35000  35000  31000  32000  33000  34000  32000  31000  33000  34000  34000  34000  33000  32000  30000  32000  33000  33000  30000  29000 
1669072793         35000  34000  34000  34000  34000  33000  35000  31000  32000  33000  34000  32000  31000  33000  34000  34000  34000  33000  32000  30000  31000  34000  33000  30000  29000 
1669072803         34000  34000  34000  34000  34000  33000  34000  31000  32000  33000  33000  31000  30000  32000  34000  34000  34000  33000  31000  30000  31000  33000  32000  30000  29000 
1669072813         34000  34000  33000  34000  34000  33000  34000  30000  31000  33000  33000  32000  31000  32000  33000  34000  34000  33000  31000  29000  31000  33000  32000  30000  29000 
1669072824         35000  34000  33000  35000  34000  32000  35000  30000  31000  32000  33000  31000  30000  32000  32000  33000  34000  32000  31000  29000  31000  33000  32000  29000  29000 
1669072834         35000  33000  33000  34000  34000  33000  35000  30000  31000  32000  33000  31000  30000  31000  32000  34000  34000  32000  31000  28000  30000  32000  32000  29000  29000 
1669072844         35000  33000  33000  33000  35000  32000  35000  30000  31000  32000  33000  31000  30000  31000  32000  33000  34000  32000  31000  28000  30000  32000  32000  29000  29000 
1669072854         35000  33000  33000  33000  34000  32000  35000  31000  30000  32000  33000  30000  30000  31000  32000  33000  33000  32000  30000  28000  30000  32000  32000  29000  29000 
1669072865         34000  33000  32000  33000  33000  32000  35000  31000  31000  32000  32000  30000  30000  31000  31000  33000  33000  32000  30000  28000  30000  32000  32000  29000  28000 
1669072875         33000  33000  32000  32000  33000  32000  33000  29000  31000  31000  32000  30000  29000  31000  31000  33000  33000  32000  30000  28000  29000  32000  31000  29000  28000 
1669072885         34000  33000  33000  33000  33000  33000  35000  29000  30000  31000  32000  30000  30000  30000  32000  33000  33000  32000  30000  28000  29000  32000  31000  28000  28000 
1669072895         34000  33000  32000  33000  33000  31000  34000  31000  30000  31000  32000  30000  30000  30000  31000  33000  33000  32000  30000  28000  29000  32000  31000  28000  28000 
1669072906         34000  33000  32000  34000  33000  32000  34000  29000  30000  31000  32000  30000  29000  31000  31000  33000  33000  31000  30000  28000  29000  32000  31000  28000  28000 
1669072916         34000  32000  32000  33000  34000  32000  34000  29000  30000  31000  32000  30000  30000  30000  31000  33000  33000  32000  30000  28000  29000  31000  31000  28000  28000 
1669072926         34000  32000  32000  32000  33000  32000  34000  31000  30000  31000  32000  30000  29000  30000  31000  33000  33000  32000  30000  27000  30000  32000  31000  28000  28000 
1669072936         35000  32000  32000  32000  32000  32000  34000  31000  30000  31000  32000  30000  30000  31000  31000  33000  33000  31000  30000  28000  29000  31000  31000  28000  28000 
1669072947         34000  34000  33000  33000  33000  32000  33000  32000  32000  33000  33000  31000  30000  32000  33000  34000  34000  33000  31000  30000  31000  33000  32000  30000  30000 
1669072957         35000  34000  34000  34000  34000  32000  33000  31000  32000  34000  33000  32000  30000  33000  33000  35000  35000  33000  31000  29000  31000  33000  32000  31000  29000 
1669072967         35000  34000  34000  34000  34000  32000  34000  31000  32000  33000  33000  32000  31000  32000  32000  34000  34000  33000  31000  29000  31000  33000  32000  30000  29000 
1669072978         35000  33000  33000  33000  34000  32000  35000  30000  32000  32000  33000  31000  30000  32000  32000  33000  34000  32000  30000  29000  31000  33000  32000  29000  29000 
1669072988         35000  34000  33000  33000  35000  33000  35000  30000  32000  32000  33000  31000  30000  32000  32000  34000  34000  32000  31000  29000  31000  33000  32000  29000  28000 
1669072998         34000  33000  33000  34000  34000  32000  34000  30000  31000  32000  33000  31000  30000  31000  32000  33000  34000  32000  31000  29000  31000  33000  32000  29000  28000 
1669073008         34000  33000  32000  33000  33000  32000  34000  30000  31000  32000  33000  31000  30000  31000  32000  33000  34000  32000  30000  28000  31000  32000  32000  30000  28000 
1669073019         34000  33000  33000  33000  34000  32000  33000  30000  31000  32000  33000  31000  30000  31000  32000  33000  34000  32000  31000  28000  30000  32000  32000  29000  29000 
1669073029         35000  33000  33000  33000  34000  32000  35000  30000  31000  32000  32000  31000  30000  31000  32000  33000  33000  32000  30000  28000  30000  33000  32000  29000  28000 
1669073039         35000  33000  33000  33000  35000  32000  35000  30000  32000  32000  33000  31000  30000  31000  32000  34000  34000  32000  30000  29000  30000  33000  32000  29000  28000 
1669073050         34000  33000  33000  33000  33000  32000  34000  30000  31000  32000  33000  31000  30000  31000  32000  33000  34000  32000  31000  28000  31000  33000  32000  29000  29000 
1669073060         34000  33000  33000  33000  33000  32000  33000  30000  31000  32000  33000  31000  30000  31000  32000  33000  34000  32000  31000  29000  30000  32000  32000  29000  28000 
1669073070         35000  33000  33000  34000  33000  32000  35000  30000  32000  32000  33000  31000  30000  31000  32000  34000  34000  32000  31000  29000  30000  33000  32000  29000  28000 
1669073080         35000  33000  33000  33000  35000  32000  35000  30000  32000  32000  33000  31000  30000  31000  32000  33000  34000  32000  30000  28000  31000  33000  32000  29000  28000 
1669073091         34000  33000  33000  34000  33000  32000  34000  29000  31000  32000  33000  31000  30000  31000  32000  33000  34000  32000  30000  28000  30000  32000  32000  29000  28000 
1669073101         34000  33000  32000  33000  33000  33000  34000  30000  31000  32000  32000  31000  30000  31000  32000  33000  34000  32000  30000  28000  30000  33000  32000  29000  28000 
1669073111         33000  33000  33000  33000  33000  32000  33000  29000  30000  31000  31000  30000  30000  30000  31000  33000  33000  31000  30000  28000  29000  32000  32000  28000  28000 
1669073121         35000  33000  33000  34000  33000  32000  35000  29000  30000  31000  31000  29000  30000  31000  31000  33000  33000  31000  30000  28000  29000  31000  31000  28000  28000 
1669073132         33000  33000  32000  32000  33000  31000  33000  29000  30000  31000  31000  29000  29000  30000  31000  32000  32000  31000  29000  28000  29000  31000  31000  28000  28000 
1669073142         33000  32000  32000  32000  32000  31000  33000  28000  30000  31000  31000  29000  29000  30000  31000  32000  33000  31000  30000  27000  29000  32000  31000  28000  27000 
1669073152         35000  32000  32000  33000  32000  31000  34000  28000  30000  31000  31000  29000  29000  30000  31000  32000  32000  30000  30000  27000  29000  31000  31000  28000  27000 
1669073163         34000  33000  31000  32000  32000  31000  34000  30000  30000  31000  31000  29000  29000  30000  31000  32000  32000  31000  29000  27000  29000  31000  31000  28000  27000 
1669073173         35000  32000  31000  33000  32000  31000  34000  28000  30000  31000  31000  29000  29000  30000  31000  32000  32000  30000  30000  27000  29000  31000  30000  27000  27000 
1669073183         34000  32000  31000  32000  32000  31000  34000  30000  30000  31000  30000  29000  29000  30000  31000  32000  32000  31000  29000  27000  29000  31000  31000  27000  27000 
1669073193         34000  33000  33000  32000  32000  31000  33000  29000  30000  31000  30000  29000  29000  30000  31000  32000  32000  30000  30000  27000  29000  31000  31000  28000  28000 
1669073204         34000  32000  33000  32000  32000  31000  34000  28000  30000  31000  31000  29000  29000  30000  31000  32000  32000  31000  29000  27000  29000  31000  30000  28000  27000 
1669073214         33000  32000  32000  31000  32000  31000  33000  28000  29000  31000  30000  29000  29000  30000  31000  32000  32000  30000  29000  27000  28000  31000  31000  28000  27000 
1669073224         34000  32000  32000  32000  33000  31000  33000  30000  30000  31000  30000  29000  28000  30000  31000  32000  32000  31000  29000  27000  29000  31000  30000  27000  27000 
1669073234         34000  32000  32000  32000  32000  32000  34000  28000  30000  30000  30000  29000  29000  30000  31000  32000  32000  30000  29000  27000  29000  31000  30000  27000  27000 
1669073245         34000  33000  33000  32000  33000  31000  32000  30000  31000  32000  32000  30000  30000  32000  32000  33000  34000  32000  30000  29000  30000  32000  31000  29000  28000 
1669073255         34000  34000  33000  34000  34000  32000  33000  31000  32000  33000  33000  31000  30000  32000  33000  34000  34000  33000  31000  29000  31000  33000  32000  29000  29000 
1669073265         34000  33000  33000  33000  34000  32000  33000  30000  32000  33000  32000  31000  30000  32000  33000  34000  34000  32000  31000  29000  31000  33000  32000  29000  29000 
1669073276         35000  33000  33000  34000  34000  32000  35000  30000  32000  33000  32000  31000  31000  31000  32000  34000  34000  32000  31000  29000  31000  33000  32000  29000  29000 
1669073286         35000  33000  33000  33000  33000  32000  35000  32000  32000  33000  32000  31000  31000  31000  32000  34000  34000  32000  30000  29000  30000  32000  32000  29000  29000 
1669073296         34000  33000  34000  33000  33000  32000  34000  30000  32000  33000  32000  31000  30000  31000  32000  33000  33000  32000  30000  29000  31000  32000  32000  29000  28000 
1669073306         34000  33000  33000  33000  33000  33000  34000  30000  31000  32000  31000  31000  30000  31000  32000  33000  34000  32000  30000  28000  30000  32000  31000  29000  28000 
1669073317         35000  33000  33000  33000  33000  32000  35000  31000  32000  32000  32000  30000  30000  31000  32000  33000  33000  31000  30000  28000  30000  32000  31000  29000  28000 
1669073327         34000  33000  32000  32000  33000  32000  35000  31000  31000  32000  31000  31000  30000  31000  32000  33000  33000  31000  30000  29000  30000  32000  31000  29000  28000 
1669073337         34000  33000  32000  33000  33000  31000  34000  31000  31000  32000  31000  30000  30000  31000  32000  33000  33000  31000  30000  28000  30000  32000  31000  29000  28000 
1669073347         34000  32000  32000  33000  33000  33000  35000  29000  30000  31000  31000  30000  29000  31000  31000  32000  33000  31000  30000  28000  29000  31000  31000  29000  28000 
1669073358         33000  32000  32000  32000  33000  31000  33000  29000  30000  31000  31000  30000  29000  30000  31000  32000  33000  31000  30000  28000  29000  30000  31000  28000  28000 
1669073368         34000  32000  32000  33000  32000  31000  34000  28000  30000  31000  31000  30000  29000  30000  31000  32000  32000  31000  29000  27000  29000  31000  31000  28000  28000 
1669073378         33000  32000  32000  32000  32000  31000  33000  30000  30000  30000  30000  30000  29000  30000  31000  32000  32000  31000  29000  28000  29000  30000  30000  28000  28000 
1669073388         34000  33000  32000  32000  33000  33000  34000  29000  30000  31000  31000  30000  30000  30000  31000  32000  33000  31000  29000  27000  29000  30000  30000  28000  28000 
1669073399         34000  32000  33000  32000  33000  31000  35000  30000  30000  31000  31000  30000  29000  30000  30000  32000  33000  31000  29000  27000  29000  30000  31000  28000  28000 
1669073409         33000  32000  32000  32000  32000  31000  33000  28000  29000  31000  31000  30000  29000  30000  31000  32000  33000  31000  30000  27000  29000  30000  31000  28000  27000 
1669073419         33000  32000  32000  32000  32000  31000  33000  28000  29000  30000  30000  30000  29000  30000  31000  32000  32000  31000  30000  27000  28000  30000  29000  28000  27000 
1669073430         34000  32000  31000  33000  32000  31000  34000  28000  29000  30000  30000  29000  29000  30000  31000  32000  32000  31000  29000  27000  29000  30000  29000  28000  27000 
1669073440         34000  32000  31000  33000  32000  31000  34000  28000  29000  31000  30000  29000  29000  30000  31000  32000  32000  31000  30000  27000  28000  30000  30000  28000  27000 
1669073450         33000  32000  31000  33000  32000  31000  34000  28000  29000  30000  30000  29000  29000  30000  30000  32000  32000  31000  29000  27000  29000  30000  29000  28000  27000 
1669073460         33000  32000  31000  32000  32000  31000  33000  28000  29000  30000  30000  30000  29000  30000  30000  31000  32000  30000  29000  27000  28000  30000  30000  28000  27000 
1669073471         33000  32000  31000  32000  32000  31000  33000  28000  29000  30000  30000  29000  29000  30000  31000  32000  32000  30000  29000  27000  28000  30000  29000  27000  27000 
1669073481         33000  32000  31000  32000  32000  31000  32000  28000  29000  30000  30000  29000  29000  29000  30000  32000  32000  31000  29000  27000  28000  30000  29000  28000  27000 
1669073491         34000  32000  31000  32000  32000  31000  34000  30000  29000  30000  30000  29000  29000  30000  30000  31000  32000  31000  29000  27000  29000  30000  29000  28000  27000 
1669073501         32000  32000  31000  32000  32000  31000  32000  28000  29000  30000  30000  29000  29000  30000  30000  31000  32000  30000  29000  27000  28000  29000  29000  27000  27000 
1669073512         33000  32000  31000  32000  32000  31000  32000  28000  29000  30000  30000  29000  29000  29000  30000  31000  32000  30000  29000  27000  28000  30000  29000  27000  27000 
1669073522         33000  32000  31000  31000  32000  31000  33000  30000  29000  30000  30000  29000  28000  29000  30000  31000  32000  30000  29000  27000  28000  29000  29000  27000  27000 
1669073532         34000  32000  31000  33000  32000  31000  34000  28000  29000  30000  30000  29000  28000  30000  30000  31000  32000  30000  29000  27000  28000  30000  29000  27000  27000 
1669073543         33000  33000  32000  32000  32000  31000  32000  29000  30000  31000  31000  29000  29000  31000  31000  33000  33000  31000  29000  27000  29000  31000  30000  28000  28000 
1669073553         34000  33000  32000  32000  32000  31000  33000  30000  30000  31000  32000  29000  29000  31000  31000  32000  33000  31000  30000  28000  30000  31000  30000  28000  27000 
1669073563         33000  32000  32000  32000  32000  31000  33000  29000  30000  31000  30000  29000  29000  30000  31000  32000  32000  31000  30000  28000  29000  31000  30000  28000  27000 
1669073573         33000  32000  31000  32000  32000  32000  33000  28000  29000  30000  30000  28000  29000  30000  30000  32000  32000  30000  29000  27000  28000  30000  29000  27000  27000 
1669073584         33000  32000  31000  32000  32000  30000  32000  28000  29000  30000  30000  28000  29000  30000  30000  31000  32000  30000  29000  27000  28000  29000  29000  27000  27000 
1669073594         32000  32000  32000  31000  32000  31000  32000  28000  29000  30000  30000  28000  28000  29000  30000  31000  32000  30000  29000  27000  28000  29000  29000  27000  27000 
1669073604         33000  31000  31000  31000  31000  32000  33000  28000  28000  29000  30000  28000  28000  30000  30000  31000  31000  30000  29000  27000  28000  29000  29000  27000  27000 
1669073615         33000  32000  32000  32000  31000  30000  33000  27000  28000  29000  29000  28000  28000  29000  30000  31000  31000  29000  28000  26000  27000  29000  28000  27000  26000 
1669073625         32000  32000  31000  31000  31000  30000  31000  28000  29000  29000  30000  28000  28000  29000  30000  31000  32000  30000  29000  27000  27000  29000  28000  26000  26000 
1669073635         32000  32000  31000  31000  31000  30000  31000  28000  28000  29000  30000  28000  28000  30000  30000  31000  31000  29000  29000  26000  27000  29000  28000  27000  26000 
1669073645         32000  31000  31000  31000  31000  32000  33000  28000  28000  29000  29000  28000  28000  29000  30000  31000  31000  30000  28000  27000  27000  29000  28000  27000  26000 
1669073656         32000  31000  31000  31000  31000  29000  31000  28000  28000  29000  29000  28000  28000  29000  30000  31000  31000  29000  29000  27000  27000  29000  28000  27000  26000 
1669073666         32000  31000  31000  31000  31000  31000  33000  28000  28000  30000  29000  28000  28000  29000  30000  31000  31000  29000  28000  27000  27000  29000  29000  27000  26000 
1669073676         33000  31000  31000  32000  31000  30000  33000  28000  28000  29000  29000  28000  28000  29000  29000  31000  32000  29000  28000  27000  27000  29000  28000  27000  26000 
1669073687         33000  31000  31000  32000  31000  30000  33000  28000  29000  29000  29000  27000  28000  29000  30000  31000  31000  29000  28000  26000  27000  29000  28000  27000  26000 
1669073697         32000  31000  31000  31000  31000  30000  32000  29000  29000  30000  29000  28000  28000  29000  30000  31000  32000  29000  28000  26000  28000  29000  28000  26000  26000 
1669073707         31000  31000  31000  32000  31000  30000  31000  28000  28000  29000  29000  28000  28000  29000  30000  31000  32000  30000  28000  26000  27000  29000  28000  26000  26000 
1669073717         31000  31000  31000  31000  31000  30000  31000  28000  28000  29000  29000  28000  28000  29000  30000  31000  31000  29000  28000  26000  27000  29000  29000  27000  26000 
1669073728         33000  31000  31000  31000  31000  31000  33000  28000  29000  29000  29000  28000  28000  29000  30000  31000  31000  30000  28000  26000  27000  29000  29000  27000  26000 
1669073738         33000  31000  30000  31000  31000  31000  33000  27000  29000  29000  29000  28000  28000  29000  30000  31000  31000  30000  28000  27000  28000  29000  28000  27000  26000 
1669073748         33000  31000  30000  31000  32000  31000  33000  28000  28000  29000  29000  28000  28000  29000  30000  31000  31000  29000  28000  26000  27000  29000  28000  26000  27000 
1669073759         32000  31000  31000  31000  31000  30000  31000  28000  28000  29000  29000  28000  28000  29000  29000  31000  31000  30000  28000  27000  28000  29000  29000  27000  26000 
1669073769         32000  31000  31000  31000  32000  30000  33000  27000  28000  29000  29000  28000  28000  29000  30000  31000  31000  29000  29000  26000  27000  29000  28000  27000  26000 
1669073779         31000  31000  30000  31000  31000  30000  32000  27000  28000  29000  29000  28000  28000  29000  30000  30000  31000  29000  28000  26000  27000  29000  28000  27000  27000 
1669073789         31000  31000  30000  31000  30000  30000  31000  28000  28000  29000  29000  28000  28000  29000  30000  31000  31000  30000  28000  26000  27000  29000  28000  27000  26000 
1669073800         31000  31000  30000  31000  31000  30000  31000  27000  28000  29000  29000  27000  28000  29000  30000  31000  31000  29000  28000  26000  27000  29000  28000  26000  26000 
1669073810         32000  31000  30000  31000  31000  30000  31000  27000  28000  29000  29000  28000  28000  29000  29000  31000  31000  29000  28000  26000  27000  29000  28000  27000  26000 
1669073820         33000  31000  30000  31000  31000  30000  33000  29000  29000  29000  29000  28000  28000  29000  30000  31000  31000  30000  28000  26000  27000  29000  28000  27000  26000 
1669073831         33000  31000  30000  31000  31000  32000  33000  28000  28000  30000  29000  28000  28000  29000  30000  31000  31000  30000  28000  26000  27000  29000  28000  26000  26000 
1669073841         32000  31000  31000  31000  31000  30000  32000  27000  28000  29000  29000  28000  28000  29000  30000  31000  31000  30000  28000  26000  27000  29000  29000  27000  26000 
1669073851         34000  33000  32000  33000  33000  31000  33000  30000  32000  32000  32000  31000  31000  31000  32000  34000  34000  32000  30000  29000  30000  32000  30000  30000  29000 
1669073861         34000  33000  33000  35000  33000  32000  34000  31000  32000  32000  31000  30000  29000  32000  33000  34000  34000  32000  30000  31000  31000  32000  31000  29000  28000 
1669073872         34000  33000  32000  33000  34000  31000  34000  30000  31000  31000  31000  29000  29000  31000  32000  32000  33000  31000  30000  30000  30000  31000  30000  28000  28000 
1669073882         34000  33000  32000  32000  34000  32000  34000  29000  31000  31000  30000  29000  29000  31000  31000  32000  33000  31000  30000  28000  29000  31000  30000  28000  28000 
1669073892         34000  32000  32000  32000  32000  32000  34000  29000  30000  31000  31000  29000  29000  30000  31000  32000  32000  30000  29000  27000  29000  30000  29000  27000  27000 
1669073902         34000  32000  32000  33000  32000  31000  34000  28000  30000  30000  30000  29000  28000  30000  31000  32000  32000  30000  29000  27000  29000  30000  30000  27000  27000 
1669073913         33000  32000  31000  32000  32000  31000  32000  29000  29000  30000  30000  29000  29000  30000  31000  31000  32000  30000  29000  27000  29000  30000  29000  27000  27000 
1669073923         32000  32000  31000  32000  32000  31000  32000  28000  29000  30000  30000  28000  28000  30000  30000  31000  32000  30000  29000  27000  28000  29000  29000  27000  27000 
1669073933         32000  32000  31000  32000  33000  30000  33000  28000  29000  30000  30000  28000  29000  30000  30000  31000  32000  30000  29000  27000  27000  29000  28000  27000  27000 
1669073944         32000  31000  31000  31000  32000  30000  33000  28000  29000  30000  30000  28000  28000  30000  30000  31000  32000  30000  29000  27000  28000  29000  29000  27000  27000 
1669073954         33000  32000  31000  32000  32000  30000  33000  28000  28000  30000  30000  28000  28000  29000  30000  31000  32000  30000  29000  27000  28000  29000  29000  27000  26000 
1669073964         33000  31000  32000  31000  32000  30000  33000  27000  28000  29000  29000  28000  28000  29000  30000  31000  32000  30000  28000  27000  28000  29000  28000  27000  27000 
1669073974         32000  31000  31000  31000  32000  30000  32000  28000  28000  29000  29000  28000  28000  29000  30000  31000  32000  30000  28000  26000  27000  29000  28000  27000  27000 
1669073985         33000  32000  31000  31000  32000  30000  33000  29000  29000  29000  29000  28000  28000  29000  30000  31000  31000  30000  28000  26000  28000  30000  28000  27000  26000 
1669073995         32000  32000  31000  31000  32000  30000  31000  28000  29000  30000  29000  28000  28000  29000  30000  31000  31000  30000  28000  27000  27000  29000  29000  27000  26000 
1669074005         33000  31000  31000  31000  31000  32000  32000  28000  28000  30000  29000  28000  28000  29000  30000  31000  32000  29000  29000  26000  28000  30000  28000  27000  26000 
1669074016         33000  32000  30000  31000  32000  30000  33000  30000  29000  29000  30000  28000  28000  29000  30000  31000  31000  30000  28000  27000  27000  29000  28000  27000  26000 
1669074026         32000  31000  31000  31000  32000  30000  31000  28000  29000  30000  30000  28000  28000  29000  30000  31000  32000  30000  29000  26000  28000  29000  28000  27000  26000 
1669074036         33000  32000  31000  31000  31000  31000  33000  28000  29000  30000  29000  28000  28000  29000  30000  31000  32000  29000  28000  26000  28000  29000  28000  27000  26000 
1669074046         33000  31000  30000  31000  32000  30000  33000  28000  29000  30000  29000  28000  28000  29000  30000  31000  32000  30000  29000  27000  28000  29000  29000  27000  27000 
1669074057         33000  32000  31000  31000  31000  30000  32000  30000  28000  30000  30000  28000  28000  29000  30000  31000  32000  29000  29000  27000  27000  29000  28000  27000  26000 
1669074067         33000  32000  31000  31000  31000  30000  33000  29000  29000  30000  29000  28000  28000  29000  30000  31000  32000  30000  29000  27000  28000  29000  28000  27000  26000 
1669074077         32000  32000  31000  31000  32000  30000  32000  29000  29000  29000  30000  28000  28000  30000  30000  31000  32000  30000  28000  27000  28000  29000  28000  27000  27000 
1669074088         32000  31000  31000  31000  32000  30000  31000  28000  28000  30000  29000  28000  28000  29000  30000  31000  32000  30000  28000  26000  28000  29000  29000  27000  27000 
1669074098         32000  32000  31000  31000  32000  30000  31000  28000  28000  30000  29000  28000  28000  29000  30000  31000  32000  30000  28000  26000  27000  29000  29000  27000  27000 
1669074108         33000  32000  31000  31000  32000  30000  33000  28000  29000  30000  30000  28000  28000  29000  30000  31000  31000  30000  29000  26000  28000  29000  29000  27000  26000 
1669074118         33000  32000  31000  31000  33000  30000  33000  28000  29000  30000  30000  28000  28000  29000  30000  31000  32000  30000  29000  27000  27000  29000  28000  27000  26000 
1669074129         32000  32000  31000  31000  32000  30000  31000  28000  29000  30000  30000  28000  28000  29000  30000  31000  32000  30000  28000  26000  28000  29000  28000  27000  27000 
1669074139         32000  32000  31000  31000  31000  30000  32000  28000  29000  30000  30000  28000  28000  29000  30000  31000  31000  30000  29000  26000  28000  29000  29000  27000  27000 
1669074149         34000  34000  33000  33000  33000  32000  33000  31000  32000  33000  32000  31000  31000  32000  33000  34000  34000  33000  31000  29000  30000  32000  31000  30000  29000 
1669074160         34000  34000  34000  33000  34000  33000  34000  31000  32000  33000  32000  31000  31000  33000  33000  34000  35000  32000  31000  30000  31000  33000  31000  30000  30000 
1669074170         33000  33000  32000  32000  33000  32000  33000  30000  31000  31000  31000  30000  30000  31000  32000  33000  33000  31000  30000  30000  30000  31000  30000  30000  28000 
1669074180         35000  33000  34000  32000  33000  31000  34000  29000  31000  31000  31000  30000  29000  31000  31000  32000  33000  31000  30000  28000  29000  31000  30000  30000  28000 
1669074190         33000  32000  32000  32000  33000  31000  33000  29000  30000  31000  31000  29000  29000  30000  31000  32000  32000  31000  30000  27000  30000  30000  30000  29000  28000 
1669074201         34000  33000  32000  33000  32000  31000  35000  29000  30000  31000  30000  29000  30000  31000  31000  32000  32000  31000  29000  27000  29000  31000  29000  29000  28000 
1669074211         34000  32000  32000  32000  32000  31000  34000  31000  30000  31000  31000  29000  29000  30000  31000  32000  32000  31000  30000  28000  29000  30000  29000  29000  28000 
1669074221         35000  32000  32000  32000  32000  32000  34000  29000  30000  31000  30000  29000  29000  30000  31000  32000  32000  31000  30000  28000  29000  30000  30000  29000  27000 
1669074231         34000  32000  31000  32000  32000  31000  34000  31000  30000  30000  30000  29000  29000  30000  31000  32000  32000  31000  29000  28000  29000  30000  29000  29000  28000 
1669074242         34000  32000  32000  32000  32000  32000  33000  29000  30000  30000  30000  29000  29000  30000  31000  32000  33000  31000  29000  27000  29000  30000  29000  29000  28000 
1669074252         34000  33000  32000  33000  32000  31000  34000  29000  31000  31000  30000  29000  29000  30000  31000  32000  33000  31000  29000  28000  29000  30000  30000  29000  28000 
1669074262         33000  32000  32000  32000  33000  31000  33000  29000  30000  31000  31000  29000  29000  30000  31000  32000  33000  31000  29000  28000  29000  31000  30000  29000  28000 
1669074273         34000  32000  32000  32000  32000  31000  34000  31000  31000  31000  30000  29000  29000  30000  31000  32000  32000  31000  29000  28000  29000  30000  30000  29000  28000 
1669074283         33000  33000  32000  32000  32000  31000  33000  29000  30000  30000  30000  29000  29000  31000  31000  32000  33000  30000  30000  27000  29000  30000  30000  29000  28000 
1669074293         33000  32000  32000  32000  32000  31000  32000  29000  30000  31000  30000  29000  29000  30000  31000  32000  32000  30000  30000  27000  30000  30000  30000  29000  27000 
1669074303         33000  32000  32000  32000  32000  31000  33000  29000  30000  31000  30000  29000  29000  30000  31000  32000  33000  30000  29000  27000  29000  30000  30000  30000  28000 
1669074314         33000  32000  32000  32000  32000  31000  33000  29000  30000  30000  30000  29000  29000  30000  31000  32000  32000  30000  30000  27000  29000  30000  29000  29000  27000 
