TIME                CPU1  Core0  Core1  Core2  Core3  Core4  Core5  Core8  Core9 Core10 Core11 Core12 Core13 Core16 Core17 Core18 Core19 Core20 Core21 Core24 Core25 Core26 Core27 Core28 Core29
1669072349         40000  38000  39000  37000  38000  38000  40000  36000  37000  36000  38000  36000  35000  37000  37000  36000  37000  38000  36000  34000  35000  35000  34000  36000  35000 
1669072360         38000  36000  37000  36000  36000  37000  37000  34000  35000  35000  36000  35000  34000  36000  36000  35000  36000  36000  35000  33000  34000  33000  33000  35000  33000 
1669072370         36000  35000  35000  34000  36000  35000  36000  33000  34000  34000  35000  34000  33000  34000  34000  34000  34000  35000  34000  31000  32000  32000  32000  33000  32000 
1669072380         36000  35000  35000  34000  35000  36000  36000  32000  33000  33000  34000  33000  32000  33000  34000  33000  34000  34000  33000  31000  31000  32000  31000  32000  31000 
1669072391         36000  34000  35000  33000  34000  34000  35000  31000  33000  32000  34000  32000  32000  33000  33000  32000  33000  34000  32000  30000  32000  31000  31000  32000  32000 
1669072401         38000  34000  35000  34000  35000  35000  35000  32000  33000  34000  34000  33000  33000  33000  34000  33000  34000  35000  38000  30000  32000  33000  31000  33000  31000 
1669072411         39000  34000  35000  34000  35000  35000  36000  32000  33000  34000  34000  34000  33000  33000  34000  33000  35000  35000  37000  30000  33000  33000  32000  33000  31000 
1669072422         39000  35000  35000  34000  36000  34000  36000  33000  33000  34000  35000  34000  33000  33000  34000  33000  35000  35000  37000  31000  32000  33000  32000  33000  31000 
1669072432         39000  35000  35000  34000  35000  35000  36000  33000  34000  34000  35000  34000  33000  34000  34000  34000  35000  35000  39000  31000  33000  33000  32000  33000  31000 
1669072442         37000  35000  35000  34000  35000  34000  36000  33000  33000  34000  35000  34000  33000  34000  35000  34000  34000  35000  37000  31000  32000  33000  32000  33000  31000 
1669072452         38000  34000  36000  34000  35000  35000  36000  33000  34000  34000  35000  34000  34000  34000  34000  34000  35000  35000  37000  31000  33000  33000  32000  33000  31000 
1669072463         39000  35000  35000  34000  35000  35000  36000  32000  34000  34000  35000  34000  33000  34000  34000  33000  35000  35000  37000  31000  33000  33000  32000  33000  31000 
1669072473         39000  35000  35000  34000  35000  35000  36000  32000  33000  33000  35000  33000  33000  33000  34000  33000  34000  35000  38000  31000  33000  32000  32000  33000  31000 
1669072483         38000  35000  35000  34000  35000  35000  35000  33000  34000  33000  35000  34000  33000  34000  34000  34000  35000  40000  33000  31000  32000  33000  31000  33000  31000 
1669072494         39000  35000  35000  34000  35000  36000  36000  32000  34000  33000  34000  34000  33000  33000  34000  34000  35000  41000  33000  30000  32000  32000  32000  33000  31000 
1669072504         38000  34000  35000  34000  35000  36000  36000  32000  34000  33000  35000  34000  32000  34000  34000  34000  34000  39000  33000  30000  32000  32000  32000  33000  32000 
1669072514         39000  34000  36000  34000  35000  36000  36000  33000  34000  33000  34000  33000  32000  33000  34000  33000  35000  40000  33000  30000  32000  32000  32000  33000  31000 
1669072525         39000  34000  35000  34000  35000  36000  36000  32000  34000  33000  34000  34000  32000  33000  34000  33000  34000  38000  33000  30000  32000  32000  32000  33000  31000 
1669072535         38000  34000  36000  33000  35000  36000  36000  32000  33000  33000  34000  34000  32000  33000  33000  34000  34000  40000  33000  30000  32000  31000  31000  33000  31000 
1669072545         39000  35000  36000  34000  35000  35000  35000  32000  33000  33000  35000  33000  32000  34000  34000  38000  35000  34000  33000  31000  32000  32000  32000  33000  31000 
1669072556         42000  38000  40000  38000  40000  39000  38000  37000  39000  38000  39000  38000  39000  38000  39000  39000  39000  39000  37000  35000  37000  38000  39000  37000  34000 
1669072566         39000  38000  39000  37000  38000  37000  37000  35000  38000  36000  38000  36000  36000  37000  37000  38000  38000  37000  36000  34000  35000  35000  35000  36000  34000 
1669072576         38000  35000  34000  36000  38000  36000  34000  33000  33000  33000  34000  33000  32000  34000  34000  33000  35000  34000  33000  31000  32000  32000  32000  33000  31000 
1669072587         36000  33000  33000  35000  36000  34000  33000  31000  33000  32000  33000  32000  31000  33000  33000  32000  33000  33000  32000  29000  31000  31000  30000  32000  30000 
1669072597         35000  32000  33000  32000  34000  33000  32000  33000  32000  31000  32000  31000  35000  32000  32000  31000  32000  32000  31000  29000  30000  30000  29000  31000  30000 
1669072607         35000  32000  32000  34000  35000  33000  32000  30000  31000  31000  32000  31000  30000  31000  31000  31000  32000  32000  30000  28000  30000  29000  29000  30000  29000 
1669072618         34000  31000  32000  32000  34000  31000  31000  33000  32000  30000  32000  30000  29000  31000  31000  30000  31000  31000  30000  29000  29000  29000  28000  30000  29000 
1669072628         34000  31000  31000  33000  35000  32000  31000  30000  30000  29000  31000  30000  29000  31000  30000  30000  31000  31000  30000  28000  29000  29000  28000  29000  28000 
1669072638         33000  31000  31000  31000  32000  31000  30000  31000  30000  29000  31000  29000  33000  30000  31000  30000  31000  30000  30000  28000  29000  28000  28000  29000  28000 
1669072648         34000  33000  33000  33000  35000  34000  32000  31000  32000  32000  33000  32000  31000  32000  33000  32000  33000  33000  31000  30000  31000  31000  30000  31000  30000 
1669072659         35000  33000  33000  34000  35000  33000  32000  31000  33000  32000  34000  32000  31000  33000  34000  32000  33000  32000  31000  30000  31000  31000  31000  32000  30000 
1669072669         35000  32000  33000  34000  35000  33000  32000  31000  33000  32000  33000  31000  30000  33000  33000  32000  32000  32000  31000  30000  31000  31000  30000  31000  30000 
1669072679         35000  32000  32000  34000  35000  33000  32000  31000  31000  31000  33000  31000  30000  32000  32000  31000  32000  32000  31000  30000  30000  31000  30000  31000  30000 
1669072689         34000  32000  33000  33000  34000  32000  32000  34000  32000  31000  33000  31000  30000  32000  32000  31000  32000  32000  31000  30000  30000  31000  30000  30000  30000 
1669072700         34000  32000  33000  33000  34000  32000  32000  34000  32000  31000  33000  31000  31000  32000  32000  31000  33000  32000  31000  29000  30000  31000  30000  30000  30000 
1669072710         35000  32000  32000  33000  35000  33000  32000  30000  31000  31000  32000  31000  30000  32000  32000  31000  33000  32000  30000  29000  30000  31000  30000  30000  29000 
1669072720         36000  32000  32000  33000  35000  33000  32000  30000  32000  31000  32000  31000  30000  32000  32000  31000  32000  32000  31000  28000  30000  31000  30000  30000  29000 
1669072731         35000  32000  32000  33000  35000  33000  32000  30000  32000  31000  32000  31000  30000  32000  31000  31000  32000  31000  31000  28000  30000  30000  30000  30000  30000 
1669072741         35000  32000  32000  33000  35000  32000  32000  30000  32000  31000  32000  31000  30000  32000  31000  31000  32000  31000  30000  28000  30000  31000  30000  30000  30000 
1669072751         34000  32000  32000  33000  34000  31000  31000  33000  31000  30000  32000  31000  30000  32000  31000  31000  32000  31000  30000  29000  30000  31000  29000  30000  29000 
1669072761         36000  32000  32000  33000  35000  32000  31000  30000  31000  31000  32000  30000  29000  31000  32000  31000  32000  31000  30000  28000  30000  31000  30000  30000  29000 
1669072772         35000  32000  32000  33000  35000  32000  32000  30000  32000  30000  32000  31000  29000  32000  32000  31000  32000  31000  30000  28000  30000  30000  29000  30000  29000 
1669072782         35000  32000  32000  33000  35000  33000  31000  30000  31000  30000  32000  30000  30000  32000  31000  31000  32000  31000  30000  28000  30000  30000  29000  30000  29000 
1669072792         34000  32000  32000  32000  34000  32000  32000  33000  31000  30000  32000  30000  30000  32000  31000  31000  32000  31000  30000  28000  30000  30000  28000  30000  29000 
1669072802         35000  32000  32000  33000  35000  32000  32000  30000  31000  31000  32000  30000  30000  32000  31000  31000  31000  31000  30000  28000  30000  30000  29000  30000  29000 
1669072813         33000  32000  32000  31000  33000  32000  31000  32000  31000  31000  32000  31000  34000  31000  31000  30000  32000  31000  30000  28000  29000  30000  29000  30000  30000 
1669072823         34000  32000  33000  32000  33000  32000  33000  31000  33000  32000  33000  32000  31000  33000  33000  33000  34000  32000  31000  30000  31000  31000  30000  32000  30000 
1669072834         42000  35000  42000  40000  40000  36000  35000  35000  39000  41000  36000  37000  39000  37000  37000  35000  37000  39000  36000  32000  34000  33000  31000  34000  32000 
1669072844         36000  33000  33000  34000  37000  34000  33000  31000  33000  31000  33000  32000  31000  32000  32000  32000  33000  33000  32000  30000  31000  31000  30000  31000  30000 
1669072854         36000  33000  32000  34000  36000  33000  32000  31000  32000  31000  32000  31000  30000  31000  32000  31000  32000  32000  31000  29000  30000  30000  29000  30000  29000 
1669072864         34000  32000  32000  31000  34000  32000  31000  32000  31000  31000  31000  30000  35000  31000  31000  31000  32000  31000  31000  28000  29000  29000  29000  30000  29000 
1669072875         33000  31000  31000  32000  33000  31000  31000  33000  31000  30000  31000  30000  29000  31000  31000  30000  31000  31000  30000  28000  29000  29000  28000  29000  28000 
1669072885         35000  31000  31000  33000  34000  32000  31000  29000  30000  30000  31000  29000  29000  30000  31000  29000  31000  31000  30000  27000  28000  28000  28000  29000  28000 
1669072895         32000  31000  31000  30000  31000  31000  33000  29000  30000  29000  30000  29000  28000  30000  30000  29000  30000  30000  29000  27000  28000  29000  28000  29000  28000 
1669072906         34000  31000  31000  32000  34000  32000  30000  29000  30000  29000  31000  30000  29000  30000  30000  30000  31000  30000  29000  27000  28000  28000  28000  29000  28000 
1669072916         34000  31000  31000  32000  34000  32000  30000  29000  30000  29000  30000  29000  29000  30000  30000  30000  31000  30000  29000  27000  28000  28000  27000  28000  28000 
1669072926         34000  31000  31000  32000  34000  32000  30000  29000  30000  29000  30000  29000  28000  30000  30000  29000  30000  30000  29000  27000  28000  27000  27000  28000  27000 
1669072936         34000  31000  31000  32000  34000  32000  30000  29000  30000  29000  30000  29000  29000  30000  29000  29000  30000  30000  29000  27000  28000  28000  27000  29000  27000 
1669072947         34000  32000  33000  33000  34000  32000  31000  30000  32000  31000  32000  31000  30000  32000  32000  32000  33000  32000  31000  29000  30000  30000  29000  30000  29000 
1669072957         34000  32000  33000  32000  34000  31000  31000  33000  32000  31000  33000  31000  30000  32000  33000  32000  33000  32000  30000  30000  31000  31000  30000  31000  29000 
1669072967         34000  32000  33000  33000  34000  32000  32000  34000  32000  32000  33000  31000  30000  33000  33000  32000  33000  32000  31000  30000  31000  31000  30000  31000  29000 
1669072978         34000  32000  32000  33000  34000  32000  32000  34000  32000  31000  33000  31000  30000  32000  32000  31000  33000  32000  31000  30000  31000  31000  30000  30000  30000 
1669072988         34000  32000  33000  32000  33000  32000  32000  31000  33000  34000  33000  33000  31000  32000  32000  32000  34000  32000  31000  30000  31000  31000  30000  31000  30000 
1669072998         35000  32000  32000  34000  35000  33000  32000  31000  32000  31000  33000  31000  30000  31000  31000  31000  33000  32000  30000  30000  30000  31000  30000  30000  30000 
1669073008         35000  32000  32000  33000  36000  33000  32000  31000  31000  31000  32000  31000  30000  31000  31000  31000  33000  32000  31000  30000  30000  30000  30000  30000  29000 
1669073019         35000  32000  32000  34000  35000  33000  32000  30000  31000  31000  32000  31000  30000  31000  31000  31000  32000  32000  30000  30000  30000  31000  30000  30000  29000 
1669073029         34000  32000  32000  33000  34000  32000  31000  33000  31000  31000  31000  31000  30000  31000  31000  31000  33000  31000  30000  30000  30000  30000  30000  30000  29000 
1669073039         35000  32000  32000  34000  35000  33000  31000  30000  31000  31000  32000  31000  30000  32000  32000  31000  32000  32000  30000  30000  30000  31000  30000  30000  29000 
1669073050         34000  32000  32000  33000  34000  32000  31000  33000  31000  31000  32000  31000  30000  31000  31000  31000  32000  31000  30000  30000  30000  30000  30000  30000  29000 
1669073060         34000  32000  32000  32000  34000  32000  31000  34000  31000  31000  32000  31000  30000  31000  31000  31000  33000  31000  30000  30000  30000  30000  29000  30000  29000 
1669073070         35000  32000  32000  33000  35000  33000  31000  30000  31000  31000  31000  30000  30000  31000  31000  30000  32000  32000  30000  30000  30000  31000  30000  30000  29000 
1669073080         35000  32000  32000  33000  35000  33000  31000  30000  31000  30000  32000  31000  30000  31000  31000  30000  33000  31000  30000  28000  30000  30000  30000  30000  29000 
1669073091         35000  32000  32000  33000  35000  33000  31000  30000  31000  30000  32000  30000  30000  31000  31000  31000  32000  31000  30000  28000  30000  31000  30000  30000  29000 
1669073101         35000  32000  32000  33000  35000  33000  31000  30000  31000  30000  32000  31000  30000  31000  31000  31000  32000  31000  30000  28000  29000  31000  30000  29000  29000 
1669073111         35000  31000  32000  33000  35000  32000  32000  30000  31000  31000  31000  30000  30000  31000  31000  30000  32000  31000  30000  28000  29000  30000  30000  30000  29000 
1669073122         35000  31000  32000  33000  35000  32000  31000  30000  31000  30000  31000  30000  30000  31000  31000  30000  32000  31000  30000  28000  30000  30000  29000  30000  30000 
1669073132         35000  31000  32000  33000  35000  32000  31000  30000  31000  31000  31000  30000  30000  31000  31000  30000  32000  31000  30000  28000  29000  30000  30000  30000  29000 
1669073142         34000  31000  32000  32000  34000  32000  31000  33000  31000  31000  31000  30000  30000  31000  31000  30000  32000  31000  30000  28000  29000  30000  30000  30000  29000 
1669073152         33000  31000  32000  33000  34000  31000  32000  33000  31000  30000  31000  30000  29000  31000  31000  30000  32000  31000  30000  28000  29000  30000  30000  30000  29000 
1669073163         35000  31000  31000  33000  35000  32000  32000  30000  31000  30000  31000  30000  29000  30000  31000  30000  32000  32000  30000  28000  30000  30000  29000  30000  29000 
1669073173         35000  31000  32000  33000  35000  32000  32000  30000  31000  30000  31000  30000  30000  31000  30000  30000  32000  31000  30000  28000  30000  30000  30000  29000  29000 
1669073183         33000  31000  32000  31000  33000  32000  31000  31000  31000  30000  31000  30000  34000  31000  31000  30000  32000  31000  30000  28000  29000  30000  29000  30000  30000 
1669073194         35000  31000  31000  33000  35000  32000  31000  30000  31000  30000  31000  30000  30000  30000  31000  30000  32000  31000  30000  28000  30000  30000  30000  29000  29000 
1669073204         35000  32000  31000  33000  35000  32000  31000  29000  31000  30000  31000  30000  30000  30000  31000  30000  32000  31000  30000  28000  29000  31000  29000  30000  29000 
1669073214         35000  31000  31000  33000  35000  32000  31000  30000  31000  30000  31000  30000  30000  31000  31000  30000  32000  31000  30000  28000  29000  30000  30000  30000  29000 
1669073224         34000  31000  31000  32000  34000  31000  31000  33000  31000  31000  31000  30000  29000  30000  31000  30000  32000  31000  30000  28000  29000  30000  29000  30000  29000 
1669073235         35000  31000  31000  33000  35000  32000  31000  29000  30000  30000  31000  30000  29000  31000  30000  30000  32000  31000  30000  28000  29000  29000  28000  29000  29000 
1669073245         35000  33000  33000  33000  35000  33000  32000  30000  32000  31000  33000  31000  30000  32000  32000  32000  33000  32000  32000  29000  31000  30000  29000  31000  30000 
1669073255         36000  33000  33000  34000  36000  34000  32000  31000  32000  31000  33000  32000  30000  32000  32000  32000  33000  33000  31000  30000  32000  31000  29000  31000  30000 
1669073266         35000  33000  33000  33000  35000  33000  32000  31000  32000  31000  32000  31000  31000  32000  32000  31000  33000  32000  31000  30000  30000  31000  29000  31000  30000 
1669073276         36000  33000  32000  33000  36000  33000  32000  31000  32000  31000  32000  31000  30000  32000  31000  31000  32000  32000  31000  30000  30000  30000  29000  30000  30000 
1669073286         34000  32000  32000  33000  34000  32000  32000  34000  32000  31000  32000  31000  30000  32000  32000  31000  33000  32000  30000  30000  30000  30000  29000  30000  29000 
1669073296         34000  32000  32000  33000  34000  32000  32000  34000  32000  31000  32000  31000  30000  32000  32000  31000  33000  31000  30000  30000  30000  30000  29000  30000  30000 
1669073307         34000  32000  32000  32000  34000  32000  32000  33000  31000  31000  32000  30000  30000  32000  31000  31000  32000  31000  30000  28000  30000  30000  29000  30000  30000 
1669073317         35000  32000  32000  33000  35000  33000  32000  30000  31000  30000  31000  30000  30000  32000  31000  31000  32000  31000  30000  28000  30000  30000  29000  30000  29000 
1669073327         35000  32000  32000  33000  35000  32000  31000  30000  31000  30000  31000  30000  30000  32000  31000  30000  32000  31000  30000  28000  30000  30000  29000  30000  29000 
1669073337         35000  32000  31000  33000  35000  32000  31000  30000  31000  30000  31000  30000  30000  31000  31000  31000  32000  32000  30000  28000  30000  30000  29000  30000  29000 
1669073348         35000  31000  32000  33000  35000  33000  32000  30000  31000  30000  31000  30000  29000  32000  31000  31000  33000  31000  30000  28000  29000  30000  29000  30000  29000 
1669073358         34000  32000  32000  31000  34000  32000  32000  32000  31000  30000  31000  30000  34000  32000  31000  31000  32000  31000  30000  28000  29000  30000  29000  30000  29000 
1669073368         35000  31000  32000  33000  34000  32000  32000  29000  31000  30000  31000  30000  30000  31000  31000  31000  32000  31000  30000  28000  30000  30000  28000  29000  29000 
1669073379         35000  32000  32000  33000  35000  32000  31000  30000  31000  30000  31000  30000  29000  31000  31000  30000  32000  31000  30000  28000  29000  30000  28000  29000  29000 
1669073389         35000  32000  32000  33000  35000  32000  31000  29000  31000  30000  32000  30000  29000  32000  31000  31000  32000  31000  30000  28000  30000  31000  29000  30000  29000 
1669073399         35000  32000  32000  33000  35000  32000  31000  30000  31000  30000  31000  30000  29000  32000  31000  30000  32000  31000  30000  28000  30000  30000  29000  30000  29000 
1669073409         33000  31000  31000  32000  34000  31000  31000  34000  31000  30000  31000  30000  29000  32000  31000  30000  32000  31000  30000  28000  30000  30000  29000  30000  29000 
1669073420         35000  31000  31000  33000  35000  32000  32000  30000  31000  30000  32000  30000  29000  31000  31000  30000  32000  31000  30000  28000  29000  30000  29000  30000  29000 
1669073430         34000  31000  32000  33000  35000  33000  31000  29000  31000  30000  31000  30000  30000  31000  31000  30000  32000  31000  30000  28000  30000  30000  29000  30000  29000 
1669073440         35000  32000  32000  33000  35000  32000  31000  30000  31000  30000  32000  30000  29000  31000  31000  31000  32000  31000  30000  28000  29000  30000  29000  30000  29000 
1669073451         35000  32000  32000  33000  35000  32000  31000  30000  31000  31000  31000  30000  29000  32000  31000  31000  32000  31000  30000  28000  30000  30000  29000  30000  29000 
1669073461         34000  32000  32000  32000  34000  32000  32000  33000  31000  31000  31000  30000  29000  32000  31000  31000  32000  31000  30000  28000  30000  30000  29000  30000  29000 
1669073471         35000  32000  32000  33000  35000  32000  31000  30000  31000  30000  31000  30000  29000  31000  31000  30000  32000  31000  30000  28000  29000  29000  28000  30000  29000 
1669073481         33000  32000  32000  32000  34000  32000  31000  33000  31000  30000  31000  30000  30000  32000  31000  30000  32000  31000  30000  28000  29000  30000  28000  30000  29000 
1669073492         35000  31000  32000  33000  35000  32000  31000  29000  31000  30000  31000  30000  29000  31000  31000  30000  32000  31000  30000  28000  29000  30000  28000  30000  29000 
1669073502         33000  31000  33000  33000  35000  32000  31000  30000  32000  30000  31000  30000  30000  32000  31000  30000  32000  31000  30000  28000  29000  30000  29000  30000  29000 
1669073512         34000  31000  31000  32000  34000  32000  31000  33000  31000  31000  31000  31000  29000  32000  31000  30000  32000  31000  30000  28000  30000  30000  28000  30000  29000 
1669073523         35000  31000  32000  33000  34000  32000  32000  30000  31000  30000  31000  30000  30000  31000  31000  30000  33000  31000  30000  28000  30000  31000  29000  30000  29000 
1669073533         35000  31000  32000  33000  35000  33000  31000  30000  31000  30000  31000  30000  30000  31000  31000  30000  32000  31000  30000  28000  29000  30000  28000  29000  29000 
1669073543         35000  32000  33000  33000  35000  33000  32000  30000  32000  31000  32000  31000  30000  32000  33000  32000  33000  32000  32000  29000  30000  30000  29000  30000  30000 
1669073553         35000  33000  33000  33000  35000  33000  32000  32000  32000  31000  32000  31000  31000  32000  33000  31000  33000  33000  31000  30000  30000  31000  29000  30000  30000 
1669073564         34000  32000  33000  32000  34000  33000  32000  32000  32000  31000  32000  31000  34000  32000  31000  31000  33000  32000  31000  30000  30000  30000  29000  30000  30000 
1669073574         36000  32000  32000  34000  35000  33000  32000  30000  31000  31000  32000  30000  30000  32000  32000  30000  33000  31000  30000  30000  30000  30000  29000  30000  30000 
1669073584         34000  32000  32000  33000  34000  32000  31000  34000  31000  30000  31000  31000  30000  32000  31000  31000  33000  32000  30000  30000  30000  30000  29000  30000  30000 
1669073595         35000  32000  32000  33000  35000  33000  31000  30000  31000  31000  32000  31000  30000  32000  31000  31000  33000  32000  30000  29000  30000  30000  29000  30000  29000 
1669073605         34000  32000  32000  33000  34000  32000  31000  34000  31000  31000  32000  31000  30000  32000  31000  31000  33000  31000  30000  29000  30000  30000  29000  30000  29000 
1669073615         35000  32000  32000  33000  35000  33000  31000  30000  31000  30000  31000  30000  30000  32000  31000  30000  33000  31000  31000  28000  30000  30000  29000  30000  30000 
1669073625         35000  32000  32000  33000  35000  33000  31000  30000  31000  30000  32000  30000  30000  32000  31000  31000  32000  31000  30000  29000  30000  30000  28000  30000  30000 
1669073636         34000  32000  32000  32000  34000  32000  31000  34000  31000  30000  31000  30000  30000  32000  31000  30000  32000  31000  30000  28000  29000  30000  29000  30000  29000 
1669073646         34000  32000  32000  32000  34000  31000  32000  33000  31000  30000  31000  31000  30000  32000  31000  30000  32000  32000  30000  28000  30000  30000  29000  30000  29000 
1669073656         35000  31000  32000  33000  35000  33000  31000  30000  31000  30000  32000  30000  30000  31000  31000  30000  33000  31000  30000  28000  29000  31000  29000  30000  29000 
1669073667         34000  32000  32000  32000  34000  31000  31000  33000  31000  30000  31000  30000  29000  32000  31000  30000  32000  31000  30000  28000  30000  30000  29000  30000  29000 
1669073677         35000  32000  32000  33000  35000  32000  31000  30000  31000  30000  31000  31000  30000  32000  31000  30000  32000  31000  30000  28000  30000  30000  28000  30000  29000 
1669073687         34000  32000  32000  32000  33000  32000  31000  34000  31000  31000  31000  30000  29000  31000  31000  30000  32000  31000  30000  28000  30000  30000  28000  30000  29000 
1669073697         34000  32000  32000  33000  35000  32000  32000  30000  31000  30000  31000  30000  30000  32000  31000  30000  32000  31000  30000  28000  30000  30000  28000  30000  29000 
1669073708         35000  32000  32000  33000  35000  32000  32000  30000  31000  31000  31000  30000  29000  31000  31000  30000  32000  31000  30000  28000  30000  30000  28000  30000  29000 
1669073718         35000  32000  32000  33000  36000  32000  31000  30000  31000  30000  31000  30000  30000  31000  31000  30000  32000  31000  30000  28000  30000  30000  29000  30000  29000 
1669073728         33000  32000  32000  32000  33000  31000  31000  31000  31000  31000  31000  30000  30000  32000  31000  30000  32000  31000  30000  28000  29000  30000  28000  30000  29000 
1669073739         35000  32000  32000  33000  35000  33000  31000  30000  31000  31000  31000  30000  29000  32000  31000  30000  32000  31000  30000  28000  30000  30000  28000  30000  29000 
1669073749         35000  32000  32000  33000  35000  32000  31000  29000  31000  31000  31000  30000  30000  31000  31000  30000  32000  32000  30000  28000  29000  30000  28000  30000  29000 
1669073759         34000  31000  32000  32000  34000  32000  31000  34000  31000  30000  31000  30000  30000  32000  31000  31000  32000  31000  30000  28000  29000  30000  28000  30000  29000 
1669073769         35000  32000  32000  33000  35000  32000  31000  30000  31000  30000  32000  30000  30000  32000  31000  30000  32000  31000  30000  28000  30000  30000  29000  30000  29000 
1669073780         34000  32000  32000  33000  35000  33000  31000  30000  31000  30000  31000  30000  30000  32000  31000  30000  32000  31000  30000  28000  29000  30000  28000  30000  29000 
1669073790         35000  32000  32000  33000  35000  33000  31000  30000  31000  30000  31000  30000  29000  32000  31000  31000  32000  31000  30000  28000  30000  30000  28000  30000  29000 
1669073800         35000  32000  31000  33000  35000  32000  31000  30000  31000  30000  31000  31000  30000  32000  31000  30000  32000  31000  30000  28000  29000  30000  29000  30000  30000 
1669073810         34000  31000  31000  32000  35000  33000  32000  30000  31000  30000  31000  30000  29000  31000  31000  30000  32000  31000  30000  28000  29000  30000  28000  30000  29000 
1669073821         33000  32000  32000  33000  34000  32000  31000  33000  31000  30000  31000  30000  30000  32000  31000  30000  32000  31000  30000  28000  30000  30000  28000  30000  29000 
1669073831         35000  32000  32000  33000  35000  33000  31000  30000  31000  30000  31000  31000  29000  32000  31000  31000  32000  31000  30000  28000  29000  30000  29000  30000  29000 
1669073841         35000  31000  32000  33000  35000  32000  31000  29000  31000  30000  31000  31000  30000  31000  31000  31000  32000  31000  30000  28000  29000  29000  28000  30000  29000 
1669073852         35000  33000  33000  34000  36000  34000  33000  31000  33000  32000  33000  32000  31000  34000  33000  32000  34000  33000  32000  30000  31000  31000  30000  31000  30000 
1669073862         35000  33000  33000  33000  35000  33000  32000  35000  33000  32000  33000  32000  31000  33000  32000  32000  34000  33000  32000  31000  31000  31000  30000  31000  30000 
1669073872         36000  33000  33000  34000  36000  34000  33000  31000  32000  32000  32000  31000  31000  33000  32000  31000  33000  33000  31000  30000  30000  31000  29000  31000  30000 
1669073882         36000  32000  32000  34000  35000  33000  32000  31000  32000  31000  32000  31000  30000  32000  32000  31000  33000  32000  31000  30000  30000  30000  29000  31000  30000 
1669073893         36000  32000  32000  34000  36000  33000  32000  30000  31000  31000  32000  31000  30000  32000  32000  31000  33000  32000  31000  30000  30000  31000  29000  30000  29000 
1669073903         36000  34000  36000  34000  35000  34000  34000  32000  33000  32000  34000  33000  32000  33000  34000  32000  34000  33000  32000  29000  31000  31000  30000  32000  31000 
1669073913         35000  32000  32000  34000  35000  33000  32000  30000  32000  31000  32000  31000  30000  32000  32000  31000  33000  32000  31000  29000  30000  31000  29000  31000  30000 
1669073924         36000  32000  32000  33000  36000  33000  32000  30000  31000  31000  31000  31000  30000  31000  32000  31000  33000  32000  30000  29000  30000  30000  29000  30000  29000 
1669073934         35000  31000  32000  33000  35000  33000  32000  30000  31000  30000  31000  31000  30000  32000  31000  30000  33000  31000  30000  28000  29000  30000  29000  30000  29000 
1669073944         35000  32000  33000  33000  35000  33000  32000  31000  31000  31000  32000  31000  30000  32000  31000  31000  32000  31000  30000  28000  30000  30000  28000  30000  29000 
1669073955         34000  32000  32000  32000  34000  31000  31000  33000  31000  30000  31000  30000  30000  32000  31000  30000  32000  32000  30000  28000  30000  30000  28000  30000  29000 
1669073965         35000  32000  32000  33000  35000  32000  31000  30000  31000  31000  31000  31000  30000  31000  31000  30000  32000  31000  30000  28000  30000  30000  29000  30000  29000 
1669073975         34000  32000  32000  32000  34000  31000  31000  33000  31000  30000  31000  30000  30000  32000  31000  31000  32000  31000  30000  28000  29000  30000  29000  30000  29000 
1669073985         33000  32000  31000  32000  33000  32000  31000  31000  31000  31000  31000  30000  31000  31000  31000  31000  32000  31000  30000  28000  29000  30000  28000  30000  29000 
1669073996         35000  31000  32000  33000  34000  32000  32000  30000  31000  30000  32000  30000  30000  31000  31000  30000  32000  31000  30000  28000  30000  30000  28000  30000  29000 
1669074006         34000  32000  32000  32000  34000  32000  32000  32000  31000  30000  31000  30000  29000  31000  31000  30000  32000  32000  30000  28000  30000  30000  28000  29000  29000 
1669074016         33000  32000  32000  33000  34000  32000  31000  33000  31000  30000  31000  31000  29000  31000  31000  30000  32000  31000  30000  28000  29000  29000  29000  30000  29000 
1669074027         34000  31000  32000  33000  35000  32000  31000  30000  31000  30000  31000  30000  30000  31000  31000  30000  33000  31000  30000  28000  30000  30000  29000  30000  29000 
1669074037         33000  32000  32000  32000  34000  31000  31000  33000  31000  30000  31000  30000  29000  31000  31000  30000  32000  31000  30000  28000  29000  29000  29000  30000  29000 
1669074047         34000  31000  31000  32000  34000  32000  32000  30000  31000  30000  31000  30000  29000  31000  31000  31000  32000  31000  30000  28000  30000  30000  28000  30000  29000 
1669074058         34000  31000  32000  33000  34000  32000  31000  30000  31000  30000  31000  30000  30000  31000  31000  30000  32000  31000  30000  28000  29000  30000  29000  30000  29000 
1669074068         33000  31000  31000  31000  33000  31000  31000  31000  31000  31000  31000  30000  33000  32000  31000  30000  32000  31000  30000  28000  30000  30000  28000  29000  29000 
1669074078         33000  31000  32000  31000  33000  32000  32000  31000  31000  30000  31000  30000  33000  31000  31000  31000  32000  31000  30000  28000  29000  30000  29000  30000  29000 
1669074088         35000  31000  31000  33000  35000  32000  32000  29000  31000  30000  31000  30000  29000  30000  31000  30000  32000  31000  30000  28000  29000  30000  28000  30000  29000 
1669074099         35000  32000  31000  32000  35000  33000  32000  29000  31000  30000  31000  30000  29000  30000  30000  30000  32000  31000  30000  28000  29000  29000  28000  29000  29000 
1669074109         35000  31000  31000  32000  35000  32000  31000  29000  31000  30000  31000  30000  30000  30000  31000  30000  32000  31000  30000  28000  29000  30000  28000  30000  29000 
1669074119         34000  31000  31000  33000  35000  32000  31000  29000  31000  30000  31000  30000  30000  31000  30000  30000  32000  31000  30000  28000  29000  29000  28000  29000  29000 
1669074129         33000  31000  31000  31000  33000  32000  31000  31000  31000  30000  31000  30000  33000  31000  30000  30000  32000  31000  30000  28000  29000  29000  28000  30000  29000 
1669074140         40000  36000  37000  36000  37000  36000  35000  34000  40000  35000  40000  38000  34000  37000  36000  36000  36000  36000  35000  36000  35000  34000  33000  35000  33000 
1669074150         39000  36000  37000  37000  39000  37000  36000  33000  35000  35000  36000  35000  34000  35000  36000  35000  36000  36000  34000  32000  33000  33000  33000  34000  32000 
1669074161         35000  33000  33000  34000  35000  33000  33000  34000  32000  31000  32000  31000  31000  32000  32000  32000  33000  32000  31000  29000  31000  30000  29000  31000  30000 
1669074171         34000  32000  32000  33000  34000  32000  32000  33000  31000  30000  32000  30000  30000  32000  31000  30000  32000  31000  31000  29000  30000  29000  29000  31000  29000 
1669074181         36000  32000  32000  33000  35000  32000  32000  30000  31000  30000  31000  30000  29000  31000  31000  30000  31000  31000  30000  28000  30000  29000  28000  30000  29000 
1669074192         34000  32000  32000  32000  35000  32000  31000  29000  30000  29000  31000  30000  29000  31000  30000  30000  31000  31000  30000  28000  29000  29000  28000  29000  28000 
1669074202         33000  31000  31000  32000  33000  31000  31000  32000  30000  29000  30000  29000  29000  30000  30000  30000  31000  31000  29000  28000  29000  28000  28000  29000  28000 
1669074212         34000  31000  32000  34000  32000  32000  30000  28000  30000  29000  31000  29000  29000  30000  30000  29000  30000  30000  29000  27000  28000  28000  27000  29000  28000 
1669074222         34000  31000  31000  32000  34000  32000  31000  28000  30000  29000  30000  29000  29000  30000  30000  29000  30000  30000  29000  27000  28000  28000  27000  29000  28000 
1669074233         33000  31000  31000  32000  33000  31000  31000  28000  29000  29000  30000  29000  28000  30000  30000  29000  30000  30000  29000  27000  28000  28000  27000  29000  28000 
1669074243         34000  31000  30000  30000  31000  31000  30000  30000  34000  29000  30000  29000  31000  30000  30000  29000  30000  30000  29000  28000  28000  28000  27000  29000  28000 
1669074253         34000  31000  30000  32000  34000  31000  30000  29000  29000  28000  30000  29000  28000  30000  30000  29000  30000  30000  29000  27000  28000  27000  27000  29000  27000 
1669074263         34000  30000  31000  32000  34000  32000  30000  28000  29000  29000  30000  29000  28000  30000  29000  29000  30000  30000  29000  26000  28000  27000  27000  28000  27000 
1669074274         32000  30000  30000  30000  32000  30000  30000  29000  33000  29000  30000  29000  31000  30000  30000  29000  30000  30000  29000  27000  28000  27000  27000  29000  28000 
1669074284         34000  30000  30000  32000  34000  32000  31000  28000  30000  29000  30000  29000  28000  30000  30000  29000  30000  30000  29000  27000  28000  28000  28000  29000  27000 
1669074294         34000  30000  30000  32000  33000  32000  30000  28000  29000  29000  29000  29000  28000  30000  29000  29000  30000  30000  29000  26000  28000  27000  27000  29000  27000 
1669074305         32000  31000  30000  31000  32000  30000  30000  32000  30000  29000  30000  29000  28000  30000  30000  29000  30000  30000  29000  27000  28000  27000  27000  28000  28000 
