      time tx_packets rx_packets        tx_bytes        rx_bytes  tx_errors tx_dropped rx_frame_errors rx_crc_errors
1669072349         33         72            3642           11547          0          0          0          0
1669072360          0         87               0            6791          0          0          0          0
1669072370          0         70               0            5262          0          0          0          0
1669072380          0         77               0            5623          0          0          0          0
1669072391          6       2751             404          166825          0          0          0          0
1669072401          1       3302              42          199064          0          0          0          0
1669072411          0       1897               0          114705          0          0          0          0
1669072422          0       1225               0           74503          0          0          0          0
1669072432          0        542               0           33622          0          0          0          0
1669072442          0         89               0            6707          0          0          0          0
1669072452          1         76              66            5589          0          0          0          0
1669072463          1         83              42            6052          0          0          0          0
1669072473          0         87               0            6577          0          0          0          0
1669072483          7        150             616           11151          0          0          0          0
1669072494          5       3947             338          238209          0          0          0          0
1669072504          0       2440               0          147708          0          0          0          0
1669072514          2       1683             108          102508          0          0          0          0
1669072525          0        989               0           60176          0          0          0          0
1669072535          0        616               0           38081          0          0          0          0
1669072545          0         91               0            6795          0          0          0          0
1669072556          0         76               0            5445          0          0          0          0
1669072566          0         88               0            6814          0          0          0          0
1669072576          2         83             108            6225          0          0          0          0
1669072587          2        559             132           34573          0          0          0          0
1669072597          6       4254             380          256641          0          0          0          0
1669072607          0       2429               0          146743          0          0          0          0
1669072618          0       1307               0           79659          0          0          0          0
1669072628          0        756               0           46540          0          0          0          0
1669072638          4        206             240           13611          0          0          0          0
1669072648         32        136           32754           10220          0          0          0          0
1669072659          0         55               0            4185          0          0          0          0
1669072669          0        188               0           12202          0          0          0          0
1669072679          0         66               0            5627          0          0          0          0
1669072690         12       2044             954          124243          0          0          0          0
1669072700          0       3634               0          220024          0          0          0          0
1669072710          0       1963               0          118921          0          0          0          0
1669072720          0       1074               0           65207          0          0          0          0
1669072731          0        690               0           42981          0          0          0          0
1669072741          0        162               0           10782          0          0          0          0
1669072751          0         79               0            6294          0          0          0          0
1669072761          0         79               0            5930          0          0          0          0
1669072772          0         65               0            4986          0          0          0          0
1669072782          0         99               0            6501          0          0          0          0
1669072792          5       3406             338          205348          0          0          0          0
1669072802          1       2752              42          166147          0          0          0          0
1669072813          0       1622               0           99045          0          0          0          0
1669072823          1       1173              42           71796          0          0          0          0
1669072834          0        380               0           24000          0          0          0          0
1669072844          0         73               0            5285          0          0          0          0
1669072854          0         73               0            5914          0          0          0          0
1669072865          0         82               0            6823          0          0          0          0
1669072875          0         76               0            5663          0          0          0          0
1669072885          6        159             574           11195          0          0          0          0
1669072895          6       4631             380          278907          0          0          0          0
1669072906          0       2262               0          136369          0          0          0          0
1669072916          0       1472               0           90137          0          0          0          0
1669072926          0       1115               0           68257          0          0          0          0
1669072937          0        547               0           34059          0          0          0          0
1669072947         31        102           32805            8180          0          0          0          0
1669072957          1         82              42            5864          0          0          0          0
1669072967          0         79               0            5920          0          0          0          0
1669072978          0         84               0            6279          0          0          0          0
1669072988          0        999               0           61065          0          0          0          0
1669072998          5       4430             338          267142          0          0          0          0
1669073009          0       1956               0          118304          0          0          0          0
1669073019          0       1575               0           95336          0          0          0          0
1669073029          0        877               0           53623          0          0          0          0
1669073039          0        216               0           14262          0          0          0          0
1669073050          0         92               0            7601          0          0          0          0
1669073060          0         85               0            6257          0          0          0          0
1669073070          0         92               0            6720          0          0          0          0
1669073080          0         80               0            6391          0          0          0          0
1669073091         12       2724             954          165230          0          0          0          0
1669073101          4       3081             695          185671          0          0          0          0
1669073111          1       1881              42          114392          0          0          0          0
1669073122          0       1318               0           80113          0          0          0          0
1669073132          0        610               0           37879          0          0          0          0
1669073142          0        144               0            9417          0          0          0          0
1669073152          0         65               0            4854          0          0          0          0
1669073163          0         91               0            6945          0          0          0          0
1669073173          0         85               0            6162          0          0          0          0
1669073183          0        167               0           11092          0          0          0          0
1669073194          5       3940             338          238460          0          0          0          0
1669073204          0       2531               0          152804          0          0          0          0
1669073214          0       1682               0          102051          0          0          0          0
1669073224          0        979               0           59448          0          0          0          0
1669073235          0        591               0           37208          0          0          0          0
1669073245         32         90           32957            7717          0          0          0          0
1669073255          1         66              42            5022          0          0          0          0
1669073266          0         53               0            4102          0          0          0          0
1669073276          0         73               0            5796          0          0          0          0
1669073286          6        232             574           15666          0          0          0          0
1669073296          6       4614             380          278042          0          0          0          0
1669073307          0       2226               0          135212          0          0          0          0
1669073317          0       1414               0           86079          0          0          0          0
1669073327          6        934             498           57695          0          0          0          0
1669073338          1        246              42           15586          0          0          0          0
1669073348          0         59               0            4661          0          0          0          0
1669073358          0         81               0            5981          0          0          0          0
1669073368          0         71               0            5381          0          0          0          0
1669073379          0         59               0            4484          0          0          0          0
1669073389          5       1831             338          110966          0          0          0          0
1669073399          0       3827               0          230800          0          0          0          0
1669073409          0       1796               0          109009          0          0          0          0
1669073420          0       1396               0           85449          0          0          0          0
1669073430          0        677               0           42425          0          0          0          0
1669073440          0        178               0           12409          0          0          0          0
1669073451          0         77               0            6044          0          0          0          0
1669073461          0         63               0            4852          0          0          0          0
1669073471          0         56               0            4078          0          0          0          0
1669073481          0         94               0            7162          0          0          0          0
1669073492         12       3436             954          207748          0          0          0          0
1669073502          0       2817               0          170213          0          0          0          0
1669073512          0       1500               0           90833          0          0          0          0
1669073523          0       1064               0           65317          0          0          0          0
1669073533          0        458               0           28206          0          0          0          0
1669073543         32        123           33210            9623          0          0          0          0
1669073553          1         92              42            7064          0          0          0          0
1669073564          0         74               0            5679          0          0          0          0
1669073574          0         99               0            7002          0          0          0          0
1669073584          0         99               0            7062          0          0          0          0
1669073595          5       4312             338          259888          0          0          0          0
1669073605          0       2201               0          133427          0          0          0          0
1669073615          0       1642               0           99833          0          0          0          0
1669073625          0        955               0           58222          0          0          0          0
1669073636          0        297               0           19236          0          0          0          0
1669073646          1         79              90            6109          0          0          0          0
1669073656          1         79              42            5920          0          0          0          0
1669073667          0         85               0            6339          0          0          0          0
1669073677          0         81               0            6490          0          0          0          0
1669073687          6        840             574           51901          0          0          0          0
1669073697          6       4298             380          259221          0          0          0          0
1669073708          0       2091               0          126532          0          0          0          0
1669073718          0       1449               0           88022          0          0          0          0
1669073728          0        789               0           48579          0          0          0          0
1669073739          0        284               0           17522          0          0          0          0
1669073749          0         83               0            6190          0          0          0          0
1669073759          0         69               0            5360          0          0          0          0
1669073769          0         91               0            6513          0          0          0          0
1669073780          0         97               0            7443          0          0          0          0
1669073790          5       1998             338          121281          0          0          0          0
1669073800          0       3712               0          223996          0          0          0          0
1669073811          0       1953               0          118936          0          0          0          0
1669073821          0       1069               0           65389          0          0          0          0
1669073831          0        636               0           39397          0          0          0          0
1669073841          0        142               0            9887          0          0          0          0
1669073852         33         74           33334            6173          0          0          0          0
1669073862          0         60               0            5053          0          0          0          0
1669073872          0         69               0            5143          0          0          0          0
1669073883          7        112             616            8050          0          0          0          0
1669073893          5       3882             338          234438          0          0          0          0
1669073903          1       2654              42          160539          0          0          0          0
1669073914          0       1476               0           89621          0          0          0          0
1669073924          0        879               0           53861          0          0          0          0
1669073934          0        306               0           19186          0          0          0          0
1669073944          0         70               0            5734          0          0          0          0
1669073955          0         62               0            4605          0          0          0          0
1669073965          0         77               0            5859          0          0          0          0
1669073975          0         82               0            5982          0          0          0          0
1669073986          0        246               0           16272          0          0          0          0
1669073996          5       4662             338          280981          0          0          0          0
1669074006          0       2010               0          127453          0          0          0          0
1669074016          0       1551               0           89526          0          0          0          0
1669074027          0        970               0           59262          0          0          0          0
1669074037          0        346               0           21645          0          0          0          0
1669074047          0         75               0            5619          0          0          0          0
1669074058          0         83               0            6632          0          0          0          0
1669074068          0         66               0            4806          0          0          0          0
1669074078          0         85               0            6290          0          0          0          0
1669074088          7       1008             616           62197          0          0          0          0
1669074099          5       4482             338          270030          0          0          0          0
1669074109          0       1737               0          105430          0          0          0          0
1669074119          0       1109               0           67494          0          0          0          0
1669074130          0        409               0           25799          0          0          0          0
1669074140          0        103               0            7203          0          0          0          0
1669074150         33        112           33531            8924          0          0          0          0
1669074161          0         77               0            5505          0          0          0          0
1669074171          0         96               0            7058          0          0          0          0
1669074181          0         82               0            6587          0          0          0          0
1669074192          5       3478             338          210417          0          0          0          0
1669074202          1       2745              42          166153          0          0          0          0
1669074212          0       1600               0           97062          0          0          0          0
1669074222          0       1191               0           72699          0          0          0          0
1669074233          0        592               0           36464          0          0          0          0
1669074243          0        172               0           11596          0          0          0          0
1669074253          0         92               0            6759          0          0          0          0
1669074264          0         82               0            6100          0          0          0          0
1669074274          0         87               0            6400          0          0          0          0
1669074284          7        129             616            8833          0          0          0          0
1669074294          5       4319             338          260482          0          0          0          0
1669074305          4       2300             694          139322          0          0          0          0
