      time tx_packets rx_packets        tx_bytes        rx_bytes  tx_errors tx_dropped rx_frame_errors rx_crc_errors
1669072351          0         11               0            1169          0          0          0          0
1669072361          0         83               0            6278          0          0          0          0
1669072371          0         77               0            5505          0          0          0          0
1669072382          0        139               0            9520          0          0          0          0
1669072392          6       3542             404          214049          0          0          0          0
1669072402          1       2703              42          163183          0          0          0          0
1669072412          0       1785               0          108163          0          0          0          0
1669072423          0       1171               0           71085          0          0          0          0
1669072433          0        452               0           28399          0          0          0          0
1669072443          0         84               0            6181          0          0          0          0
1669072454          2         77             108            5757          0          0          0          0
1669072464          0         84               0            6112          0          0          0          0
1669072474          0         83               0            6229          0          0          0          0
1669072484          7        206             616           14501          0          0          0          0
1669072495          5       4258             338          256928          0          0          0          0
1669072505          0       2074               0          125689          0          0          0          0
1669072515          2       1825             108          111087          0          0          0          0
1669072525          0        938               0           57175          0          0          0          0
1669072536          0        539               0           33402          0          0          0          0
1669072546          0         77               0            6015          0          0          0          0
1669072556          0         75               0            5266          0          0          0          0
1669072566          0         83               0            6514          0          0          0          0
1669072577          2         87             108            6524          0          0          0          0
1669072587          4        603             272           37339          0          0          0          0
1669072597          1       4206              66          253546          0          0          0          0
1669072608          0       2431               0          146922          0          0          0          0
1669072618          0       1302               0           79300          0          0          0          0
1669072628          2        758             132           46725          0          0          0          0
1669072638          1        203              42           13360          0          0          0          0
1669072649         32        138           31956           10399          0          0          0          0
1669072659          0         53               0            4006          0          0          0          0
1669072669          0        189               0           12262          0          0          0          0
1669072679          0         65               0            5567          0          0          0          0
1669072690         12       2045             954          124362          0          0          0          0
1669072700          1       3671              42          222185          0          0          0          0
1669072710          0       1926               0          116701          0          0          0          0
1669072720          0       1075               0           65267          0          0          0          0
1669072731          0        692               0           43160          0          0          0          0
1669072741          0        159               0           10543          0          0          0          0
1669072751          0         81               0            6414          0          0          0          0
1669072762          0         78               0            5929          0          0          0          0
1669072772          0         64               0            4867          0          0          0          0
1669072782          0         99               0            6501          0          0          0          0
1669072792          6       3478             380          209668          0          0          0          0
1669072803          0       2682               0          162006          0          0          0          0
1669072813          0       1621               0           98985          0          0          0          0
1669072823          0       1172               0           71677          0          0          0          0
1669072833          0        380               0           24000          0          0          0          0
1669072844          0         69               0            4927          0          0          0          0
1669072854          0         75               0            6034          0          0          0          0
1669072864          0         81               0            6822          0          0          0          0
1669072874          0         78               0            5783          0          0          0          0
1669072885          6        159             574           11195          0          0          0          0
1669072895          6       4630             380          278906          0          0          0          0
1669072905          0       2028               0          122329          0          0          0          0
1669072916          0       1676               0          102201          0          0          0          0
1669072926          0       1144               0           70173          0          0          0          0
1669072936          0        546               0           33881          0          0          0          0
1669072946         31        100           31998            7942          0          0          0          0
1669072957          1         86              42            6340          0          0          0          0
1669072967          1         76              90            5593          0          0          0          0
1669072977          1         89              42            6756          0          0          0          0
1669072988          5        967             338           59366          0          0          0          0
1669072998          1       4153              42          250242          0          0          0          0
1669073008          0       2266               0          136904          0          0          0          0
1669073018          0       1575               0           95395          0          0          0          0
1669073029          0        821               0           50204          0          0          0          0
1669073039          0        268               0           17437          0          0          0          0
1669073049          7        103             540            8680          0          0          0          0
1669073059          0         85               0            6376          0          0          0          0
1669073070          0         91               0            6660          0          0          0          0
1669073080          0         75               0            5973          0          0          0          0
1669073090         12       2077             954          126469          0          0          0          0
1669073100          1       3729              42          224527          0          0          0          0
1669073111          5       1884             737          114527          0          0          0          0
1669073121          0       1218               0           74241          0          0          0          0
1669073131          0        679               0           41724          0          0          0          0
1669073142          0        176               0           11514          0          0          0          0
1669073152          0         67               0            5033          0          0          0          0
1669073162          0         89               0            6825          0          0          0          0
1669073172          0         85               0            6162          0          0          0          0
1669073183          0        133               0            8993          0          0          0          0
1669073193          5       3926             338          237739          0          0          0          0
1669073203          0       2543               0          153464          0          0          0          0
1669073213          0       1555               0           94372          0          0          0          0
1669073224          0       1139               0           69107          0          0          0          0
1669073234          0        596               0           37508          0          0          0          0
1669073244         31         90           32083            7770          0          0          0          0
1669073255          1         64              42            4843          0          0          0          0
1669073265          0         51               0            3923          0          0          0          0
1669073275          0         73               0            5855          0          0          0          0
1669073285          6        178             574           12308          0          0          0          0
1669073296          6       4637             380          279659          0          0          0          0
1669073306          0       2025               0          123034          0          0          0          0
1669073316          0       1592               0           96581          0          0          0          0
1669073327          0        981               0           60099          0          0          0          0
1669073337          0        246               0           15704          0          0          0          0
1669073347          0         59               0            4661          0          0          0          0
1669073357          0         79               0            5802          0          0          0          0
1669073368          0         74               0            5620          0          0          0          0
1669073378          0         57               0            4364          0          0          0          0
1669073388          5       1219             338           74069          0          0          0          0
1669073398          0       4175               0          251798          0          0          0          0
1669073409          0       1858               0          112601          0          0          0          0
1669073419          0       1567               0           95778          0          0          0          0
1669073429          0        662               0           41525          0          0          0          0
1669073439          0        225               0           15288          0          0          0          0
1669073450          0         72               0            5685          0          0          0          0
1669073460          0         65               0            4854          0          0          0          0
1669073470          0         60               0            4426          0          0          0          0
1669073481          0         92               0            7170          0          0          0          0
1669073491         12       2735             954          165678          0          0          0          0
1669073501          0       3273               0          197167          0          0          0          0
1669073511          0       1711               0          103673          0          0          0          0
1669073522          0        998               0           61119          0          0          0          0
1669073532          0        545               0           33841          0          0          0          0
1669073542          0        111               0            7899          0          0          0          0
1669073552         32        111           32213            9084          0          0          0          0
1669073563          0         77               0            5918          0          0          0          0
1669073573          0         90               0            6344          0          0          0          0
1669073583          0         94               0            6584          0          0          0          0
1669073593          5       3888             338          234744          0          0          0          0
1669073604          0       2591               0          156768          0          0          0          0
1669073614          0       1528               0           93052          0          0          0          0
1669073624          1       1023              42           62243          0          0          0          0
1669073635          0        388               0           24637          0          0          0          0
1669073645          0         83               0            6496          0          0          0          0
1669073655          0         78               0            5860          0          0          0          0
1669073665          0         79               0            5861          0          0          0          0
1669073676          0         84               0            6611          0          0          0          0
1669073686         10        273             846           18158          0          0          0          0
1669073696          1       4562              66          274725          0          0          0          0
1669073706          0       2193               0          132770          0          0          0          0
1669073717          0       1377               0           83751          0          0          0          0
1669073727          0       1040               0           63472          0          0          0          0
1669073737          0        310               0           19377          0          0          0          0
1669073748          0         77               0            5702          0          0          0          0
1669073758          0         72               0            5550          0          0          0          0
1669073768          0         87               0            6214          0          0          0          0
1669073778          0         95               0            7323          0          0          0          0
1669073789          5       1288             338           78858          0          0          0          0
1669073799          1       4123              42          248479          0          0          0          0
1669073809          0       2066               0          125716          0          0          0          0
1669073819          0       1236               0           75409          0          0          0          0
1669073830          0        620               0           38496          0          0          0          0
1669073840          0        183               0           12396          0          0          0          0
1669073850         32         75           32297            6178          0          0          0          0
1669073861          0         56               0            4754          0          0          0          0
1669073871          0         69               0            5025          0          0          0          0
1669073881          0         68               0            5260          0          0          0          0
1669073891         12       3462             954          209388          0          0          0          0
1669073902          0       2915               0          176257          0          0          0          0
1669073912          0       1535               0           93339          0          0          0          0
1669073922          0        951               0           58063          0          0          0          0
1669073933          0        366               0           22845          0          0          0          0
1669073943          0         79               0            6157          0          0          0          0
1669073953          0         66               0            5021          0          0          0          0
1669073963          0         74               0            5502          0          0          0          0
1669073974          0         81               0            5922          0          0          0          0
1669073984          0        199               0           13356          0          0          0          0
1669073994          5       4274             338          257974          0          0          0          0
1669074004          0       2234               0          135493          0          0          0          0
1669074015          0       1607               0           98109          0          0          0          0
1669074025          1        973              90           59649          0          0          0          0
1669074035          1        495              42           30467          0          0          0          0
1669074045          0         79               0            5977          0          0          0          0
1669074056          0         85               0            6575          0          0          0          0
1669074066          0         70               0            5105          0          0          0          0
1669074076          0         69               0            5448          0          0          0          0
1669074087          9        321             780           20940          0          0          0          0
1669074097          4       4587             216          276245          0          0          0          0
1669074107          0       2136               0          129433          0          0          0          0
1669074117          0       1120               0           68036          0          0          0          0
1669074128          0        581               0           36050          0          0          0          0
1669074138          0        112               0            7861          0          0          0          0
1669074148         32        109           32384            8394          0          0          0          0
1669074158          0         81               0            6158          0          0          0          0
1669074169          0         86               0            6222          0          0          0          0
1669074179          0         92               0            7423          0          0          0          0
1669074189          5       2002             338          121799          0          0          0          0
1669074200          0       3655               0          220420          0          0          0          0
1669074210          0       1971               0          119477          0          0          0          0
1669074220          0       1177               0           71977          0          0          0          0
1669074230          0        740               0           45403          0          0          0          0
1669074241          0        219               0           14357          0          0          0          0
1669074251          0        100               0            7121          0          0          0          0
1669074261          0         88               0            6637          0          0          0          0
1669074271          0         79               0            5625          0          0          0          0
1669074282          7        115             616            8289          0          0          0          0
1669074292          5       3457             338          208525          0          0          0          0
1669074302          4       2911             695          176218          0          0          0          0
1669074313          1       1659              42          100720          0          0          0          0
