      time tx_packets rx_packets        tx_bytes        rx_bytes  tx_errors tx_dropped rx_frame_errors rx_crc_errors
1669072351          0         11               0            1169          0          0          0          0
1669072361          1         84              42            6338          0          0          0          0
1669072371          0         78               0            5565          0          0          0          0
1669072382          0        138               0            9460          0          0          0          0
1669072392          7       3570             446          215849          0          0          0          0
1669072402          0       2675               0          161383          0          0          0          0
1669072413          0       1837               0          111223          0          0          0          0
1669072423          0       1120               0           68085          0          0          0          0
1669072433          0        452               0           28399          0          0          0          0
1669072443          0         83               0            6121          0          0          0          0
1669072454          2         78             108            5817          0          0          0          0
1669072464          0         84               0            6171          0          0          0          0
1669072474          0         84               0            6289          0          0          0          0
1669072484          7        204             616           14322          0          0          0          0
1669072495          5       4258             338          256928          0          0          0          0
1669072505          1       2305              66          139673          0          0          0          0
1669072515          1       1596              42           97282          0          0          0          0
1669072526          0        936               0           56996          0          0          0          0
1669072536          0        540               0           33462          0          0          0          0
1669072546          0         78               0            6015          0          0          0          0
1669072556          0         74               0            5266          0          0          0          0
1669072567          1         83              66            6520          0          0          0          0
1669072577          1         88              42            6637          0          0          0          0
1669072587          0        596               0           36645          0          0          0          0
1669072597          5       4522             338          272721          0          0          0          0
1669072608          0       2122               0          128441          0          0          0          0
1669072618          0       1302               0           79300          0          0          0          0
1669072628          3        760             198           46851          0          0          0          0
1669072639          1        200              42           13121          0          0          0          0
1669072649         32        143           32019           10878          0          0          0          0
1669072659          0         49               0            3646          0          0          0          0
1669072669          0        188               0           12143          0          0          0          0
1669072680          0         67               0            5687          0          0          0          0
1669072690         12       2491             954          151362          0          0          0          0
1669072700          0       3224               0          195184          0          0          0          0
1669072711          0       1924               0          116522          0          0          0          0
1669072721          0       1077               0           65387          0          0          0          0
1669072731          0        714               0           44480          0          0          0          0
1669072741          0        137               0            9282          0          0          0          0
1669072752          0         81               0            6414          0          0          0          0
1669072762          0         80               0            5990          0          0          0          0
1669072772          2         66             132            5076          0          0          0          0
1669072782          0        102               0            6681          0          0          0          0
1669072793          5       3515             338          211888          0          0          0          0
1669072803          0       2639               0          159485          0          0          0          0
1669072813          0       1790               0          109066          0          0          0          0
1669072824          0       1049               0           64297          0          0          0          0
1669072834          0        334               0           21191          0          0          0          0
1669072844          0         72               0            5215          0          0          0          0
1669072854          0         73               0            5914          0          0          0          0
1669072865          0         84               0            7002          0          0          0          0
1669072875          0         73               0            5424          0          0          0          0
1669072885          6        159             574           11195          0          0          0          0
1669072895          6       4631             380          278907          0          0          0          0
1669072906          0       2262               0          136369          0          0          0          0
1669072916          0       1472               0           90137          0          0          0          0
1669072926          0       1115               0           68257          0          0          0          0
1669072936          0        547               0           34059          0          0          0          0
1669072947         31        102           32060            8180          0          0          0          0
1669072957          1         82              42            5864          0          0          0          0
1669072967          0         79               0            5920          0          0          0          0
1669072978          0         84               0            6279          0          0          0          0
1669072988          0        987               0           60405          0          0          0          0
1669072998          6       4441             380          267742          0          0          0          0
1669073008          0       1958               0          118424          0          0          0          0
1669073019          0       1575               0           95336          0          0          0          0
1669073029          0        877               0           53623          0          0          0          0
1669073039          0        215               0           14202          0          0          0          0
1669073050          0         93               0            7542          0          0          0          0
1669073060          0         85               0            6376          0          0          0          0
1669073070          0         92               0            6720          0          0          0          0
1669073080          0         79               0            6272          0          0          0          0
1669073091         12       2672             954          162409          0          0          0          0
1669073101          4       3133             696          188551          0          0          0          0
1669073111          1       1879              42          114213          0          0          0          0
1669073121          0       1319               0           80232          0          0          0          0
1669073132          0        611               0           37939          0          0          0          0
1669073142          0        144               0            9417          0          0          0          0
1669073152          0         66               0            4914          0          0          0          0
1669073163          0         90               0            6885          0          0          0          0
1669073173          0         85               0            6162          0          0          0          0
1669073183          0        132               0            8933          0          0          0          0
1669073193          5       3974             338          240559          0          0          0          0
1669073204          0       2494               0          150525          0          0          0          0
1669073214          0       1719               0          104271          0          0          0          0
1669073224          0        980               0           59567          0          0          0          0
1669073234          0        591               0           37149          0          0          0          0
1669073245         31         90           32145            7770          0          0          0          0
1669073255          1         64              42            4902          0          0          0          0
1669073265          0         51               0            3923          0          0          0          0
1669073276          0         74               0            5915          0          0          0          0
1669073286          6        234             574           15727          0          0          0          0
1669073296          6       4580             380          276061          0          0          0          0
1669073306          0       2259               0          137192          0          0          0          0
1669073317          0       1411               0           85899          0          0          0          0
1669073327          0        930               0           56862          0          0          0          0
1669073337          1        244              42           15525          0          0          0          0
1669073347          0         61               0            4781          0          0          0          0
1669073358          0         81               0            5981          0          0          0          0
1669073368          0         72               0            5441          0          0          0          0
1669073378          0         56               0            4304          0          0          0          0
1669073389          0       1302               0           78887          0          0          0          0
1669073399          6       4357             380          262880          0          0          0          0
1669073409          0       1796               0          109058          0          0          0          0
1669073419          0       1365               0           83481          0          0          0          0
1669073430          6        670             498           42657          0          0          0          0
1669073440          1        224              42           15169          0          0          0          0
1669073450          0         74               0            5805          0          0          0          0
1669073460          0         67               0            5033          0          0          0          0
1669073471          0         57               0            4256          0          0          0          0
1669073481          0         93               0            7102          0          0          0          0
1669073491         12       3233             954          195568          0          0          0          0
1669073502          0       2776               0          167396          0          0          0          0
1669073512          0       1711               0          103791          0          0          0          0
1669073522          0       1095               0           67057          0          0          0          0
1669073532          0        458               0           28326          0          0          0          0
1669073543         31        119           32395            9318          0          0          0          0
1669073553          1         95              42            7303          0          0          0          0
1669073563          0         72               0            5559          0          0          0          0
1669073573          0         95               0            6644          0          0          0          0
1669073584          0         98               0            6942          0          0          0          0
1669073594          5       3924             338          236727          0          0          0          0
1669073604          0       2548               0          154306          0          0          0          0
1669073615          0       1689               0          102653          0          0          0          0
1669073625          0        893               0           54561          0          0          0          0
1669073635          0        359               0           22897          0          0          0          0
1669073645          0         81               0            6258          0          0          0          0
1669073656          0         78               0            5860          0          0          0          0
1669073666          0         80               0            5980          0          0          0          0
1669073676          0         83               0            6551          0          0          0          0
1669073687          6        586             574           36661          0          0          0          0
1669073697          6       4553             380          274521          0          0          0          0
1669073707          0       2087               0          126292          0          0          0          0
1669073717          0       1316               0           80160          0          0          0          0
1669073728          0        909               0           55661          0          0          0          0
1669073738          0        305               0           18900          0          0          0          0
1669073748          0         79               0            5881          0          0          0          0
1669073759          0         69               0            5370          0          0          0          0
1669073769          0         90               0            6453          0          0          0          0
1669073779          0         94               0            7204          0          0          0          0
1669073789          5       1874             338          113959          0          0          0          0
1669073800          0       3806               0          229577          0          0          0          0
1669073810          0       1795               0          109397          0          0          0          0
1669073820          0       1262               0           77087          0          0          0          0
1669073831          0        635               0           39278          0          0          0          0
1669073841          0        142               0            9887          0          0          0          0
1669073851         33         76           32608            6317          0          0          0          0
1669073861          0         57               0            4873          0          0          0          0
1669073872          0         72               0            5323          0          0          0          0
1669073882          0         64               0            4843          0          0          0          0
1669073892         12       3585             954          216768          0          0          0          0
1669073903          0       2798               0          169296          0          0          0          0
1669073913          0       1677               0          101800          0          0          0          0
1669073923          0        859               0           52602          0          0          0          0
1669073933          0        318               0           19965          0          0          0          0
1669073944          0         75               0            5857          0          0          0          0
1669073954          0         64               0            4902          0          0          0          0
1669073964          0         78               0            5919          0          0          0          0
1669073974          0         77               0            5564          0          0          0          0
1669073985          0        251               0           16631          0          0          0          0
1669073995          6       4292             380          258840          0          0          0          0
1669074005          0       2379               0          144134          0          0          0          0
1669074016          0       1528               0           93546          0          0          0          0
1669074026          0        913               0           55901          0          0          0          0
1669074036          0        423               0           26147          0          0          0          0
1669074046          0         77               0            5798          0          0          0          0
1669074057          0         83               0            6632          0          0          0          0
1669074067          0         65               0            4687          0          0          0          0
1669074077          0         71               0            5568          0          0          0          0
1669074088          7        724             616           45148          0          0          0          0
1669074098          6       4484             380          270041          0          0          0          0
1669074108          0       1992               0          120789          0          0          0          0
1669074118          0       1064               0           64794          0          0          0          0
1669074129          0        489               0           30471          0          0          0          0
1669074139          0        107               0            7502          0          0          0          0
1669074149         32        111           32601            8750          0          0          0          0
1669074160          0         81               0            5981          0          0          0          0
1669074170          0         87               0            6341          0          0          0          0
1669074180          0         90               0            7244          0          0          0          0
1669074190          5       2762             338          167280          0          0          0          0
1669074201          0       2932               0          177218          0          0          0          0
1669074211          0       2098               0          127038          0          0          0          0
1669074221          0       1118               0           68555          0          0          0          0
1669074231          0        674               0           41325          0          0          0          0
1669074242          0        186               0           12377          0          0          0          0
1669074252          0         95               0            6762          0          0          0          0
1669074262          0         84               0            6338          0          0          0          0
1669074273          0         82               0            5982          0          0          0          0
1669074283          7        129             616            8951          0          0          0          0
1669074293          5       3567             338          215421          0          0          0          0
1669074303          4       3020             696          182522          0          0          0          0
1669074314          1       1592              42           96759          0          0          0          0
