      time tx_packets rx_packets        tx_bytes        rx_bytes  tx_errors tx_dropped rx_frame_errors rx_crc_errors
1669072351          0         11               0            1169          0          0          0          0
1669072361          0         83               0            6278          0          0          0          0
1669072371          1         78              66            5571          0          0          0          0
1669072382          0        139               0            9520          0          0          0          0
1669072392          5       3550             338          214943          0          0          0          0
1669072402          0       2693               0          162163          0          0          0          0
1669072412          0       1786               0          108163          0          0          0          0
1669072423          0       1170               0           71085          0          0          0          0
1669072433          2        455             108           28585          0          0          0          0
1669072443          0         83               0            6121          0          0          0          0
1669072454          0         75               0            5631          0          0          0          0
1669072464          0         85               0            6231          0          0          0          0
1669072474          0         84               0            6289          0          0          0          0
1669072484          7        204             616           14322          0          0          0          0
1669072495          7       4260             446          257054          0          0          0          0
1669072505          0       2146               0          134508          0          0          0          0
1669072515          0       1751               0          102142          0          0          0          0
1669072525          0        938               0           57175          0          0          0          0
1669072536          0        540               0           33462          0          0          0          0
1669072546          0         77               0            5955          0          0          0          0
1669072556          2         77             108            5452          0          0          0          0
1669072567          0         82               0            6454          0          0          0          0
1669072577          0         86               0            6517          0          0          0          0
1669072587          0        597               0           36705          0          0          0          0
1669072597          6       4518             380          272481          0          0          0          0
1669072608          2       2128             132          128807          0          0          0          0
1669072618          1       1302              42           79241          0          0          0          0
1669072628          0        757               0           46659          0          0          0          0
1669072638          0        201               0           13240          0          0          0          0
1669072649         32        142           32045           10698          0          0          0          0
1669072659          0         50               0            3826          0          0          0          0
1669072669          0        188               0           12143          0          0          0          0
1669072679          0         66               0            5627          0          0          0          0
1669072690         12       2071             954          125922          0          0          0          0
1669072700          0       3644               0          220624          0          0          0          0
1669072710          0       1925               0          116582          0          0          0          0
1669072721          0       1076               0           65327          0          0          0          0
1669072731          0        698               0           43880          0          0          0          0
1669072741          0        154               0            9942          0          0          0          0
1669072751          0         80               0            6295          0          0          0          0
1669072762          0         77               0            5869          0          0          0          0
1669072772          0         65               0            4927          0          0          0          0
1669072782          0         99               0            6560          0          0          0          0
1669072792          5       3492             338          210508          0          0          0          0
1669072803          3       2671             174          161435          0          0          0          0
1669072813          0       1621               0           98867          0          0          0          0
1669072823          0       1170               0           71557          0          0          0          0
1669072833          0        380               0           24000          0          0          0          0
1669072844          0         69               0            4927          0          0          0          0
1669072854          0         75               0            6034          0          0          0          0
1669072864          0         81               0            6822          0          0          0          0
1669072875          0         78               0            5783          0          0          0          0
1669072885          6        160             574           11314          0          0          0          0
1669072895          6       4630             380          278847          0          0          0          0
1669072905          0       2027               0          122269          0          0          0          0
1669072916          0       1701               0          103641          0          0          0          0
1669072926          0       1120               0           68793          0          0          0          0
1669072936          0        545               0           33821          0          0          0          0
1669072946         32        100           32127            7942          0          0          0          0
1669072957          1         86              42            6340          0          0          0          0
1669072967          0         77               0            5682          0          0          0          0
1669072977          0         86               0            6517          0          0          0          0
1669072988          0        966               0           59085          0          0          0          0
1669072998          5       4154             338          250582          0          0          0          0
1669073008          0       2265               0          136785          0          0          0          0
1669073018          0       1575               0           95395          0          0          0          0
1669073029          0        822               0           50264          0          0          0          0
1669073039          0        267               0           17377          0          0          0          0
1669073049          0         96               0            7726          0          0          0          0
1669073059          0         85               0            6376          0          0          0          0
1669073070          0         91               0            6660          0          0          0          0
1669073080          0         75               0            5973          0          0          0          0
1669073090         12       2077             954          126469          0          0          0          0
1669073100          0       3728               0          224467          0          0          0          0
1669073111          5       1884             737          114527          0          0          0          0
1669073121          0       1217               0           74181          0          0          0          0
1669073131          0        680               0           41784          0          0          0          0
1669073141          0        175               0           11454          0          0          0          0
1669073152          0         67               0            5033          0          0          0          0
1669073162          0         90               0            6885          0          0          0          0
1669073172          0         85               0            6162          0          0          0          0
1669073183          0        133               0            8993          0          0          0          0
1669073193          5       3923             338          237499          0          0          0          0
1669073203          0       2546               0          153704          0          0          0          0
1669073213          0       1555               0           94372          0          0          0          0
1669073224          0       1115               0           67667          0          0          0          0
1669073234          0        617               0           38709          0          0          0          0
1669073244         31         93           32170            8009          0          0          0          0
1669073255          1         64              42            4843          0          0          0          0
1669073265          0         50               0            3863          0          0          0          0
1669073275          0         74               0            5915          0          0          0          0
1669073285          6        177             574           12189          0          0          0          0
1669073296          6       4622             380          279178          0          0          0          0
1669073306          0       2040               0          123396          0          0          0          0
1669073316          0       1593               0           96819          0          0          0          0
1669073326          0        981               0           60099          0          0          0          0
1669073337          0        245               0           15644          0          0          0          0
1669073347          0         60               0            4721          0          0          0          0
1669073357          0         78               0            5742          0          0          0          0
1669073367          0         75               0            5680          0          0          0          0
1669073378          0         57               0            4364          0          0          0          0
1669073388          0       1209               0           73308          0          0          0          0
1669073398          5       4185             338          252559          0          0          0          0
1669073409          0       1858               0          112601          0          0          0          0
1669073419          0       1567               0           95778          0          0          0          0
1669073429          0        662               0           41525          0          0          0          0
1669073439          0        225               0           15288          0          0          0          0
1669073450          0         72               0            5685          0          0          0          0
1669073460          0         64               0            4794          0          0          0          0
1669073470          0         60               0            4426          0          0          0          0
1669073480          0         93               0            7230          0          0          0          0
1669073491         12       2734             954          165618          0          0          0          0
1669073501          0       3019               0          181927          0          0          0          0
1669073511          0       1965               0          118913          0          0          0          0
1669073522          0        999               0           61179          0          0          0          0
1669073532          0        545               0           33841          0          0          0          0
1669073542          0        111               0            7899          0          0          0          0
1669073552         32        111           32295            9084          0          0          0          0
1669073563          0         77               0            5918          0          0          0          0
1669073573          0         92               0            6464          0          0          0          0
1669073583          0         92               0            6464          0          0          0          0
1669073594          5       3889             338          234804          0          0          0          0
1669073604          0       2591               0          156827          0          0          0          0
1669073614          0       1527               0           92933          0          0          0          0
1669073624          0       1023               0           62243          0          0          0          0
1669073635          0        388               0           24637          0          0          0          0
1669073645          0         84               0            6615          0          0          0          0
1669073655          0         77               0            5741          0          0          0          0
1669073665          0         79               0            5861          0          0          0          0
1669073676          0         85               0            6671          0          0          0          0
1669073686          6        314             574           20222          0          0          0          0
1669073696          6       4521             380          272721          0          0          0          0
1669073706          0       2194               0          132770          0          0          0          0
1669073717          0       1376               0           83691          0          0          0          0
1669073727          0       1040               0           63472          0          0          0          0
1669073737          0        311               0           19437          0          0          0          0
1669073748          0         76               0            5642          0          0          0          0
1669073758          0         72               0            5550          0          0          0          0
1669073768          0         86               0            6154          0          0          0          0
1669073778          0         96               0            7383          0          0          0          0
1669073789          0       1270               0           77617          0          0          0          0
1669073799          5       4140             338          249660          0          0          0          0
1669073809          0       2061               0          125416          0          0          0          0
1669073819          0       1241               0           75709          0          0          0          0
1669073830          0        619               0           38436          0          0          0          0
1669073840          0        184               0           12456          0          0          0          0
1669073850         32         75           32376            6178          0          0          0          0
1669073860          0         54               0            4634          0          0          0          0
1669073871          0         71               0            5145          0          0          0          0
1669073881          1         68              90            5231          0          0          0          0
1669073891         13       3449             996          208608          0          0          0          0
1669073902          1       2674              42          161856          0          0          0          0
1669073912          0       1790               0          108580          0          0          0          0
1669073922          0        952               0           58182          0          0          0          0
1669073932          0        364               0           22666          0          0          0          0
1669073943          0         81               0            6276          0          0          0          0
1669073953          0         65               0            5021          0          0          0          0
1669073963          0         75               0            5562          0          0          0          0
1669073974          0         81               0            5922          0          0          0          0
1669073984          0        199               0           13356          0          0          0          0
1669073994          5       3939             338          237874          0          0          0          0
1669074004          0       2569               0          155593          0          0          0          0
1669074015          0       1606               0           98049          0          0          0          0
1669074025          0        970               0           59499          0          0          0          0
1669074035          0        497               0           30527          0          0          0          0
1669074045          1         78              42            5917          0          0          0          0
1669074056          0         85               0            6575          0          0          0          0
1669074066          0         69               0            4986          0          0          0          0
1669074076          0         70               0            5508          0          0          0          0
1669074086          6        267             574           17670          0          0          0          0
1669074097          6       4641             380          279574          0          0          0          0
1669074107          0       2135               0          129373          0          0          0          0
1669074117          0       1121               0           68096          0          0          0          0
1669074128          0        581               0           36050          0          0          0          0
1669074138          0        112               0            7861          0          0          0          0
1669074148         32        108           32461            8334          0          0          0          0
1669074158          0         82               0            6218          0          0          0          0
1669074169          0         86               0            6222          0          0          0          0
1669074179          0         92               0            7423          0          0          0          0
1669074189          5       1985             338          120719          0          0          0          0
1669074199          0       3672               0          221500          0          0          0          0
1669074210          0       1776               0          107777          0          0          0          0
1669074220          0       1370               0           83557          0          0          0          0
1669074230          0        741               0           45463          0          0          0          0
1669074241          0        219               0           14357          0          0          0          0
1669074251          0        101               0            7181          0          0          0          0
1669074261          0         88               0            6637          0          0          0          0
1669074271          0         79               0            5625          0          0          0          0
1669074282          0         77               0            5741          0          0          0          0
1669074292         12       3494             954          211013          0          0          0          0
1669074302          4       2856             695          173339          0          0          0          0
1669074312          1       1714              42          103599          0          0          0          0
