1669072351        197        197       8840       7749
1669072361        226        227       7962       6839
1669072371        124        124       5477       4347
1669072382        111        112       5054       3883
1669072392        146        146       7646       4801
1669072402        138        138       5395       4273
1669072412        126        126       5377       4169
1669072423        129        129       6346       4191
1669072433        225        226       9221       6643
1669072443        125        125       5235       4043
1669072453        121        121       5213       4009
1669072464        146        145       6840       4445
1669072474        129        129       7560       4577
1669072484        121        121       5201       4021
1669072495        119        119       5162       3959
1669072505        137        137       6592       4320
1669072515        227        228      10204       6588
1669072525        142        142       5512       4374
1669072536        115        115       5132       3931
1669072546        141        140       6914       4363
1669072556        144        144       8560       4531
1669072566        125        125       5318       4122
1669072577        110        110       5050       3856
1669072587        231        230       9437       6518
1669072597        155        155       8819       4765
1669072607        118        118       5106       3912
1669072618        130        130       6844       4199
1669072628        138        138       7469       4570
1669072638        118        118       5195       3985
1669072649        145        145       6342       4594
1669072659        214        217       7409       6137
1669072669        143        141       9297       4643
1669072679        115        115       5165       3973
1669072690        127        127       5561       4197
1669072700        120        120       5120       3926
1669072710        167        167       9787       4965
1669072720        123        123       5221       4029
1669072731        129        129       5582       4217
1669072741        204        208       7268       5986
1669072751        155        153       9882       4735
1669072761        122        122       5211       4025
1669072772        136        136       5784       4393
1669072782        120        120       5263       4074
1669072792        151        151       9084       4717
1669072802        118        118       5100       3918
1669072813        206        215       7787       6154
1669072823        122        122       5217       4019
1669072833        161        160       8947       4935
1669072844        122        122       5657       4080
1669072854        121        121       5207       4015
1669072864        139        139       7619       4511
1669072874        121        121       5782       4137
1669072885        208        208       8008       6213
1669072895        140        140       5308       4174
1669072905        138        138       8220       4511
1669072915        128        128       5991       4177
1669072926        125        125       5823       4102
1669072936        118        118       5183       3997
1669072946        160        157       9352       4987
1669072957        131        131       6238       4286
1669072967        207        212       7442       6076
1669072977        115        115       5165       3973
1669072987        133        133       8455       4467
1669072998        137        137       6429       4332
1669073008        135        135       5510       4231
1669073018        119        119       5199       3995
1669073029        150        148       9125       4581
1669073039        217        217       8257       6383
1669073049        128        128       5547       4122
1669073059        140        140       8289       4436
1669073070        144        144       6224       4435
1669073080        115        115       5513       4028
1669073090        123        123       5932       4088
1669073100        143        143       7586       4486
1669073111        214        227       8484       6382
1669073121        122        122       5625       4086
1669073131        142        142       6369       4360
1669073141        126        126       7256       4281
1669073152        133        133       6387       4213
1669073162        126        126       5808       4193
1669073172        122        120       6308       3991
1669073183        129        129       6725       4368
1669073193        229        230       8312       6481
1669073203        128        128       5821       4120
1669073213        132        132       6267       4233
1669073224        127        127       7001       4281
1669073234        130        130       6148       4201
1669073244        124        124       5865       4092
1669073254        164        162       8715       5104
1669073265        213        214       7890       6229
1669073275        113        113       5252       3929
1669073285        123        123       6590       4214
1669073296        126        126       5570       4110
1669073306        137        137       6957       4381
1669073316        141        141       5752       4425
1669073326        130        130       6928       4175
1669073337        218        218       7812       6196
1669073347        128        128       6685       4311
1669073357        123        123       5543       4084
1669073367        135        133       6884       4292
1669073378        132        132       5831       4286
1669073388        128        128       6980       4315
1669073398        124        124       5669       4131
1669073408        137        137       6815       4351
1669073419        238        240       8940       7015
1669073429        144        144       7636       4568
1669073439        138        139       5849       4350
1669073450        128        126       6983       4161
1669073460        138        138       7238       4438
1669073470        126        126       5763       4106
1669073480        129        129       6712       4262
1669073491        210        220       8932       6385
1669073501        142        142       5423       4301
1669073511        127        127       6025       4183
1669073521        137        137       7150       4306
1669073532        136        136       7159       4369
1669073542        117        117       5179       3987
1669073552        125        125       5631       4165
1669073563        241        241       9583       6740
1669073573        136        136       7068       4444
1669073583        113        113       5068       3880
1669073593        128        128       5921       4268
1669073604        132        132       6741       4197
1669073614        140        140       6902       4460
1669073624        138        138       5407       4261
1669073634        127        127       5971       4238
1669073645        214        214       9254       6214
1669073655        139        141       7168       4421
1669073665        119        119       5199       3995
1669073676        127        127       6035       4179
1669073686        151        150       8832       4786
1669073696        122        122       5217       4019
1669073706        128        128       6130       4195
1669073717        213        215       8181       6084
1669073727        135        135       7825       4483
1669073737        122        122       5211       4025
1669073747        138        138       6406       4399
1669073758        132        130       6359       4128
1669073768        141        140       7913       4598
1669073778        121        121       5207       4015
1669073789        208        207       8373       6014
1669073799        127        125       6538       4114
1669073809        161        160       8610       4862
1669073819        119        119       5110       3922
1669073830        125        125       6000       4163
1669073840        128        128       6276       4126
1669073850        143        143       8290       4527
1669073860        142        142       5704       4517
1669073871        213        216       7722       6163
1669073881        123        121       6479       4074
1669073891        147        147       8830       4577
1669073902        128        128       5736       4183
1669073912        130        130       6054       4146
1669073922        155        155       7296       4832
1669073932        123        123       5221       4029
1669073943        204        211       7813       6052
1669073953        124        124       6253       4098
1669073963        137        137       6971       4493
1669073974        121        122       5207       4032
1669073984        137        138       6206       4453
1669073994        130        128       6612       4205
1669074004        139        139       7527       4564
1669074015        204        210       7200       5926
1669074025        128        128       6132       4177
1669074035        127        127       6234       4116
1669074045        158        158       8125       4791
1669074056        120        120       5203       4005
1669074066        130        130       6262       4207
1669074076        132        130       6589       4213
1669074086        132        132       7760       4382
1669074097        204        200       7277       5935
1669074107        150        150       6614       4475
1669074117        140        140       8158       4586
1669074128        130        130       5356       4154
1669074138        122        122       5850       4060
1669074148        124        124       6209       4104
1669074158        132        133       7133       4472
1669074169        229        229       7808       6475
1669074179        129        130       6107       4207
1669074189        123        120       6488       4076
1669074199        132        132       7600       4461
1669074210        129        129       5263       4071
1669074220        131        131       5814       4292
1669074230        139        139       6269       4257
1669074241        221        225      10203       6469
1669074251        116        116       5175       3977
1669074261        131        131       5861       4213
1669074271        127        125       6430       4102
1669074282        150        150       8678       4589
1669074292        128        128       5331       4197
1669074302        126        126       5965       4169
1669074312        149        148       8898       4638
