1669072351        189        189       8578       7606
1669072361        238        239       9388       7594
1669072371        155        155       7069       5031
1669072382        138        139       7207       4774
1669072392        126        126       6840       4517
1669072402        155        155       7466       4944
1669072412        146        146       7757       4819
1669072423        139        139       7372       4605
1669072433        152        152       7943       4879
1669072443        229        231      10283       6716
1669072454        143        143       7988       4706
1669072464        155        155       8555       5015
1669072474        142        142       8041       4641
1669072484        131        131       8398       4628
1669072495        141        141       8848       4745
1669072505        135        135       8581       4662
1669072515        224        234      11181       6819
1669072525        169        169       9575       5034
1669072536        159        159       9337       4909
1669072546        149        150       9018       4769
1669072556        149        148       9269       4675
1669072567        146        146       9148       4742
1669072577        149        149       8480       4762
1669072587        239        242      10612       7017
1669072597        133        133       8020       4646
1669072608        147        147       8453       4748
1669072618        143        143       8335       4795
1669072628        140        140       8481       4619
1669072638        155        155       9093       4883
1669072649        152        152       8584       5039
1669072659        154        154       8731       4879
1669072669        240        246      11194       6923
1669072680        141        141       8728       4700
1669072690        135        135       8991       4589
1669072700        144        144       8985       4809
1669072710        160        160       9343       4897
1669072721        149        148       9102       4762
1669072731        145        145       8900       4734
1669072741        243        246      10594       6978
1669072752        144        144       8460       4649
1669072762        146        146       8390       4732
1669072772        163        163       8907       5000
1669072782        149        149       9140       4829
1669072793        133        133       7766       4646
1669072803        140        140       8156       4696
1669072813        237        239      10338       6942
1669072824        140        140       8235       4613
1669072834        164        164       8466       5075
1669072844        144        144       7986       4728
1669072854        139        139       8194       4627
1669072865        145        145       8769       4797
1669072875        144        144       8484       4728
1669072885        137        137       8697       4599
1669072895        248        250      11660       7144
1669072906        138        138       8867       4603
1669072916        147        147       9351       4746
1669072926        148        148       9176       4758
1669072936        139        139       8439       4678
1669072947        151        151       9133       4988
1669072957        161        161       8814       4980
1669072967        237        238      11306       6935
1669072978        152        152       9281       4699
1669072988        139        139       9149       4692
1669072998        141        141       9439       4710
1669073008        162        163       8964       5008
1669073019        146        146       8617       4738
1669073029        152        152       9004       4776
1669073039        244        247      11059       6927
1669073050        150        150       9150       4764
1669073060        156        156       9530       4808
1669073070        161        161       9027       5059
1669073080        151        151       8604       4764
1669073091        140        140       8890       4694
1669073101        144        144       8743       4722
1669073111        151        151       9118       4784
1669073121        247        246      11729       6915
1669073132        159        160       7882       4970
1669073142        146        146       8050       4740
1669073152        137        137       7810       4676
1669073162        145        145       8209       4726
1669073173        142        142       8603       4791
1669073183        150        150       8314       4697
1669073193        252        254      11210       7186
1669073204        140        140       8927       4619
1669073214        151        151       8914       4774
1669073224        145        145       8180       4734
1669073234        146        146       8142       4862
1669073245        148        148       7839       4762
1669073255        162        162       8637       5204
1669073265        239        239      10248       6857
1669073275        146        146       8328       4746
1669073286        147        147       8731       4754
1669073296        142        142       8551       4795
1669073306        139        139       8701       4617
1669073317        161        162       8836       4992
1669073327        139        139       7927       4684
1669073337        149        149       8409       4843
1669073347        240        243      10906       6897
1669073358        132        132       8285       4565
1669073368        146        146       8812       4734
1669073378        159        159       8873       5051
1669073388        137        137       8893       4658
1669073399        149        149       9380       4801
1669073409        149        149       9259       4834
1669073419        256        263      12625       7704
1669073430        159        159      10056       4898
1669073440        159        159       8778       4958
1669073450        151        151       8460       4782
1669073460        149        149       8347       4855
1669073471        140        140       8491       4599
1669073481        159        159       9113       4907
1669073491        230        233      10822       6713
1669073501        159        159       9264       4964
1669073512        146        146       8923       4740
1669073522        144        144       7710       4720
1669073532        147        147       8062       4748
1669073543        143        143       8386       4708
1669073553        142        142       7680       4708
1669073563        170        170       8557       5266
1669073573        222        224       9988       6707
1669073584        143        143       8106       4633
1669073594        140        140       8558       4698
1669073604        132        132       8270       4638
1669073615        145        145       8690       4740
1669073625        167        167       9272       5016
1669073635        150        150       8987       4839
1669073645        231        233      11193       6645
1669073656        144        146       8501       4760
1669073666        142        142       8315       4708
1669073676        141        141       8643       4706
1669073687        167        167       8724       5020
1669073697        140        140       8879       4777
1669073707        140        140       9140       4696
1669073717        220        221      10413       6543
1669073728        144        144       8814       4722
1669073738        144        144       9143       4732
1669073748        166        166       9199       5020
1669073758        145        145       9329       4726
1669073769        159        159       9766       4826
1669073779        153        153       9532       4798
1669073789        154        154       9382       4790
1669073800        232        230      11222       6700
1669073810        156        156       9618       4948
1669073820        147        147       8795       4748
1669073830        152        152       8667       4776
1669073841        157        157       9033       4818
1669073851        160        160       9388       4842
1669073861        154        154       9453       5012
1669073872        253        256      10754       6998
1669073882        158        158       8929       4909
1669073892        139        139       8002       4613
1669073902        141        141       7859       4712
1669073913        135        135       7135       4662
1669073923        160        160       7709       4982
1669073933        143        143       7862       4722
1669073944        223        227       9746       6664
1669073954        152        152       8098       4776
1669073964        141        141       8348       4708
1669073974        142        143       8256       4782
1669073985        166        168       8757       5047
1669073995        141        141       8851       4706
1669074005        139        139       8657       4694
1669074016        141        141       9018       4700
1669074026        227        229      10410       6684
1669074036        141        141       8662       4704
1669074046        163        163       9242       4982
1669074057        155        155       8926       4802
1669074067        160        160       9291       4848
1669074077        148        148       9557       4752
1669074087        151        151       8369       4776
1669074098        232        235      10772       6720
1669074108        149        149       8078       4894
1669074118        142        142       7770       4724
1669074129        147        147       8154       4748
1669074139        147        147       7974       4750
1669074149        146        147       8390       4836
1669074159        145        145       8556       4655
1669074170        241        255      11000       7228
1669074180        137        137       8240       4668
1669074190        149        149       8701       4770
1669074201        133        133       8372       4642
1669074211        137        137       8734       4674
1669074221        152        152       9257       4863
1669074231        160        160       9046       4893
1669074242        149        149       9325       4754
1669074252        235        236      11227       6732
1669074262        155        155       9518       4810
1669074273        159        159       9382       4826
1669074283        144        144       8588       4722
1669074293        172        172       9184       5064
1669074303        142        142       8728       4714
1669074314        137        137       7581       4755
