1669072351        194        194       8810       7738
1669072361        126        126       5671       4654
1669072371        128        128       5493       4387
1669072382        112        113       5064       3887
1669072392        154        154       7691       4869
1669072402        133        133       5369       4229
1669072412        131        131       5348       4176
1669072423        211        216       8189       6101
1669072433        148        148       7404       4762
1669072443        113        113       5062       3886
1669072453        121        121       5207       4015
1669072464        136        135       6567       4393
1669072474        134        135       7821       4601
1669072484        115        115       5165       3973
1669072495        124        124       5154       3948
1669072505        218        221       8364       6285
1669072515        141        141       8383       4568
1669072525        139        139       5399       4283
1669072536        133        133       5380       4172
1669072546        117        116       6162       3964
1669072556        145        145       9104       4675
1669072566        110        110       5133       3935
1669072577        226        226       7666       6388
1669072587        155        153      10455       4796
1669072597        118        118       5106       3912
1669072608        124        124       5225       4039
1669072618        146        146       7700       4630
1669072628        122        122       5122       3952
1669072638        148        148       6756       4524
1669072649        215        216       7712       6325
1669072659        131        129       8122       4441
1669072669        111        111       5137       3945
1669072679        130        130       6270       4256
1669072690        125        125       5377       4122
1669072700        155        153       8895       4670
1669072710        126        126       5328       4126
1669072721        128        128       6392       4163
1669072731        201        215       7381       6093
1669072741        146        146       8957       4559
1669072751        121        121       5296       4088
1669072762        133        133       6198       4339
1669072772        114        114       5155       3969
1669072782        143        141       8593       4590
1669072792        125        125       5235       4043
1669072803        218        224       8608       6346
1669072813        139        139       7478       4517
1669072823        139        139       5411       4271
1669072833        133        133       6589       4286
1669072844        124        124       5231       4033
1669072854        125        125       6797       4348
1669072864        121        119       6415       4066
1669072874        212        211       8420       6254
1669072885        135        135       5377       4249
1669072895        136        136       7255       4428
1669072905        125        125       6171       4102
1669072916        136        136       6615       4389
1669072926        126        126       5251       4041
1669072936        132        132       7532       4319
1669072946        148        146       6917       4604
1669072957        217        217       8976       6385
1669072967        110        111       5056       3867
1669072977        132        132       7485       4402
1669072987        124        124       6177       4098
1669072998        136        136       6465       4300
1669073008        133        134       5369       4239
1669073018        145        145       7955       4500
1669073029        219        231       9945       6461
1669073039        133        133       5380       4172
1669073049        131        131       7120       4400
1669073059        132        131       7342       4256
1669073070        126        126       5323       4177
1669073080        117        117       5179       3987
1669073090        132        132       7523       4396
1669073100        222        230       9073       6449
1669073111        122        122       5306       4092
1669073121        125        125       5229       4049
1669073131        158        158       8071       4645
1669073141        142        140       7376       4393
1669073152        115        115       5177       3961
1669073162        116        116       5169       3983
1669073172        128        128       6796       4457
1669073183        213        218       9304       6296
1669073193        141        142       5508       4374
1669073203        117        117       5102       3902
1669073213        143        142       7291       4557
1669073224        139        137       7744       4379
1669073234        122        122       5140       3934
1669073244        135        135       6418       4418
1669073254        241        240      10079       6877
1669073265        114        114       5161       3963
1669073275        111        111       5137       3945
1669073285        135        135       6879       4503
1669073296        132        132       7315       4262
1669073306        123        123       5221       4029
1669073316        139        139       5405       4277
1669073326        228        229       9404       6506
1669073337        138        136       7834       4369
1669073347        132        132       5413       4217
1669073357        118        118       5183       3997
1669073367        131        131       7113       4469
1669073378        142        141       7792       4464
1669073388        120        120       5253       4042
1669073398        128        128       5303       4104
1669073409        231        233       9817       6660
1669073419        157        155       8572       5065
1669073429        133        133       5428       4215
1669073439        140        140       5403       4293
1669073450        139        139       7777       4367
1669073460        133        131       7609       4345
1669073470        115        115       5165       3973
1669073480        224        224       9362       6551
1669073491        128        128       7209       4228
1669073501        142        142       5423       4301
1669073511        118        118       5189       3991
1669073521        140        140       7508       4458
1669073532        146        144       7876       4417
1669073542        124        124       5231       4033
1669073552        193        213       7340       6096
1669073563        143        143       7167       4741
1669073573        132        130       7714       4321
1669073583        121        121       5201       4021
1669073593        120        120       5345       4084
1669073604        138        138       7236       4442
1669073614        144        144       7302       4551
1669073624        123        123       5126       3962
1669073635        212        213       7405       6070
1669073645        145        145       7687       4478
1669073655        129        129       7562       4345
1669073665        118        118       5189       3991
1669073676        144        144       7092       4691
1669073686        129        129       7185       4240
1669073696        118        118       5177       4003
1669073706        212        213       7351       6005
1669073717        133        133       7241       4402
1669073727        138        138       7785       4383
1669073737        140        141       5403       4303
1669073747        130        130       5273       4075
1669073758        129        129       7093       4364
1669073768        137        135       8230       4367
1669073778        198        201       7324       6024
1669073789        115        115       5082       3894
1669073799        152        152       7699       4674
1669073809        142        142       8215       4407
1669073819        122        122       5217       4019
1669073830        123        123       5215       4035
1669073840        148        148       7995       4504
1669073850        137        136       7088       4365
1669073860        227        227       7794       6461
1669073871        116        116       5169       3983
1669073881        148        149       9809       4766
1669073891        125        125       5288       4049
1669073901        128        128       6035       4187
1669073912        135        135       6447       4312
1669073922        148        148       7020       4561
1669073932        211        210       7329       5999
1669073943        127        127       5667       4179
1669073953        131        131       6636       4211
1669073963        126        126       6740       4352
1669073973        117        118       5173       4010
1669073984        140        142       6050       4493
1669073994        126        124       6911       4159
1669074004        226        230       9404       6515
1669074015        114        114       5072       3890
1669074025        130        130       5988       4203
1669074035        130        130       6739       4195
1669074045        155        155       7766       4702
1669074056        123        123       5227       4023
1669074066        131        131       6230       4290
1669074076        121        120       6901       4044
1669074086        224        225       9549       6400
1669074097        126        126       6229       4173
1669074107        152        152       6860       4489
1669074117        135        135       7200       4420
1669074127        127        127       5326       4142
1669074138        124        124       5780       4070
1669074148        133        133       6436       4231
1669074158        221        224       9162       6407
1669074169        136        136       5668       4469
1669074179        121        121       5990       4131
1669074189        128        126       6770       4179
1669074199        128        128       6880       4372
1669074210        127        127       5249       4057
1669074220        125        125       6168       4163
1669074230        230        233       8789       6425
1669074241        134        134       7310       4406
1669074251        133        133       5380       4172
1669074261        126        126       6226       4110
1669074271        132        131       6923       4290
1669074282        129        129       7654       4376
1669074292        143        143       6546       4350
1669074302        125        125       6383       4169
1669074312        228        229       9603       6436
