1669072349       1601       3637      63019    2177294
1669072360      12654      32318     394818   20898326
1669072370       8882      14969     206305    6826969
1669072380       9191      15092     204250    6461377
1669072391      10522      15083     365801    5202711
1669072401      30429      34203    1421296    5036964
1669072411      54368      54309    2716579    2109569
1669072421      58952      58951    2880553    2284189
1669072432      61980      61792    3205555    2390964
1669072442      58559      58548    2861038    2269331
1669072452      59550      59494    2969496    2303691
1669072463      57522      57403    2919296    2223989
1669072473      53272      53212    2674300    2067704
1669072483      61321      61322    2991826    2373909
1669072494      61812      61698    3124890    2389178
1669072504      60185      60175    2941857    2331064
1669072514      59031      58977    2948953    2287288
1669072524      59239      59121    3002863    2289833
1669072535      56490      56489    2763826    2192069
1669072545      61460      61400    3064320    2376870
1669072556      28391      46211    1445417   19812814
1669072566        706        690      48737      24802
1669072576        207        205      10159       7248
1669072587        204        198      16460       6445
1669072597        180        178       9676       5883
1669072607        213        180      40247       5844
1669072617        168        166       8533       5604
1669072628        281        286      13898       8621
1669072638        164        160       9638       5548
1669072648        175        173       8884       5848
1669072659        185        183       8721       5862
1669072669        192        190      12039       6260
1669072679        175        173       9607       5794
1669072689        165        163       8574       5580
1669072700        279        278      14264       8415
1669072710        171        169       9462       5608
1669072720        184        183       8729       5850
1669072731        164        162       8505       5576
1669072741        191        189      12062       6252
1669072751        180        176       9923       5818
1669072761        162        160       8408       5483
1669072772        172        170       8555       5638
1669072782        292        300      14201       8750
1669072792        168        166       9485       5663
1669072802        161        159       8487       5552
1669072813        177        175       8688       5737
1669072823        690        676      47166      24709
1669072834        785        766      54912      27327
1669072844        160        158       8049       5367
1669072854        267        265      10543       7753
1669072864        212        184      36988       6213
1669072875        168        166       9019       5482
1669072885       1644       2948      39814    1441098
1669072895       4592       8172     158471    3978192
1669072906       9076      23001     336544   14683617
1669072916        162        160       8063       5381
1669072926        256        261      13966       7708
1669072936        183        181      11880       6015
1669072947        175        171       9641       5724
1669072957        179        177       8307       5670
1669072967        165        164       8170       5495
1669072978        178        176      11349       5892
1669072988        168        166       9079       5488
1669072998        154        152       8001       5331
1669073008        257        257      10420       7588
1669073019        207        205      12303       6321
1669073029        161        157       9209       5422
1669073039        163        161       8156       5464
1669073050        160        158       7966       5288
1669073060        190        188      11699       6057
1669073070        164        162       8951       5460
1669073080        273        271      10549       7797
1669073091        186        184      11180       6106
1669073101        159        157       8890       5337
1669073111        165        164       8170       5482
1669073122        169        167       8241       5559
1669073132        189        187      11783       6118
1669073142        173        170       9290       5573
1669073152        257        260      10371       7593
1669073163        164        162       8077       5395
1669073173        175        173      10684       5951
1669073183        165        163       8968       5464
1669073193        157        155       8031       5343
1669073204        177        176       8249       5623
1669073214        190        188      11384       6071
1669073224        172        168       9339       5575
1669073235        251        250      10240       7438
1669073245        161        159       8059       5371
1669073255        185        183      11214       6241
1669073265        182        180       9127       5710
1669073276        167        165       8190       5486
1669073286        178        176      10790       5906
1669073296        162        160       8952       5446
1669073307        254        252      10353       7519
1669073317        169        167       8198       5506
1669073327        197        196      11629       6259
1669073337        160        156       9096       5333
1669073348        160        158       8049       5367
1669073358        164        162       8077       5395
1669073368        179        177      10999       5995
1669073379        265        264      11281       7668
1669073389        175        173       8285       5636
1669073399        159        157       8167       5431
1669073409        187        185      11666       6107
1669073420        184        180       9727       5820
1669073430        161        159       8148       5410
1669073440        167        165       8359       5558
1669073451        293        292      14637       8360
1669073461        174        170       9605       5626
1669073471        185        183       8912       5856
1669073481        198        196      11643       6325
1669073492        167        165       8963       5472
1669073502        151        149       7989       5301
1669073512        182        180       8281       5651
1669073523        190        188      11809       6069
1669073533        258        256      11478       7612
1669073543        162        160       8135       5438
1669073553        170        168       8266       5556
1669073564        185        183      11127       6264
1669073574        176        173       9483       5591
1669073584        160        158       8049       5367
1669073595        167        165       8243       5502
1669073605        261        259      12970       7945
1669073615        169        165       9165       5478
1669073625        166        164       8180       5482
1669073636        170        168       8108       5494
1669073646        183        181      11521       6015
1669073656        171        170       9409       5536
1669073667        165        163       8093       5393
1669073677        270        270      13154       8112
1669073687        167        165       9012       5551
1669073697        171        169       8118       5498
1669073708        156        154       8021       5339
1669073718        181        180      11539       6001
1669073728        173        169       9195       5512
1669073738        161        159       8059       5371
1669073749        171        170       8207       5575
1669073759        281        280      13931       8174
1669073769        169        165       9402       5484
1669073780        161        159       8059       5371
1669073790        164        162       8166       5468
1669073800        181        178      12155       5914
1669073810        180        178       9284       5702
1669073821        165        163       8081       5405
1669073831        254        254      10322       7496
1669073841        186        184      11847       6039
1669073852        169        165       9367       5478
1669073862        170        168       8412       5641
1669073872        207        205      12004       6325
1669073882        171        169       8918       5506
1669073893        159        157       8104       5357
1669073903        858        720     176600      24623
1669073913        190        188      11814       6252
1669073924        177        175       9637       5717
1669073934        291        200      99371       6206
1669073944        173        171       8643       5727
1669073955        181        180      10828       6178
1669073965        173        169       9749       5608
1669073975        172        171       8622       5718
1669073985        263        268      10900       7867
1669073996        200        199      11546       6381
1669074006        163        161       9485       5631
1669074016        173        171       8572       5636
1669074027        167        165       8530       5594
1669074037        187        185      12067       6226
1669074047        176        172       9891       5790
1669074057        270        272      10846       7872
1669074068        198        196      12091       6300
1669074078        172        170       9323       5691
1669074088        169        167       8627       5687
1669074099        164        162       8423       5497
1669074109        199        197      12784       6387
1669074119        189        187       9669       5864
1669074129        260        257      10781       7707
1669074140        752        736      51453      26635
1669074150        504        498      31781      17784
1669074161        169        165       9354       5483
1669074171        211        182      34662       6005
1669074181        178        176       8242       5640
1669074191        179        177      10829       5990
1669074202        163        161       9041       5449
1669074212        252        249      10291       7481
1669074222        168        166       8183       5513
1669074233        184        182      11330       5945
1669074243        229        225      11767       7580
1669074253        161        159       8054       5382
1669074263        202        200      12080       6229
1669074274        175        168      12346       5502
1669074284        255        254      10315       7537
1669074294        161        159       8060       5376
1669074305        202        200      12150       6294
