TIMESTAMP        home1-RQ         home1-RD         home1-WR         work2-RQ         work2-RD         work2-WR         scratch-RQ       scratch-RD       scratch-WR       
1669072349        0                0                 0                0                 0                0                 0                0                 0                
1669072360        0                0                 0                0                 0                0                 0                0                 0                
1669072370        0                0                 0                0                 0                0                 0                0                 0                
1669072380        0                0                 0                0                 0                0                 0                0                 0                
1669072391        0                0                 0                0                 0                0                 0                0                 0                
1669072401        0                0                 0                0                 0                0                 0                0                 0                
1669072411        0                0                 0                0                 0                0                 0                0                 0                
1669072421        0                0                 0                0                 0                0                 0                0                 0                
1669072432        0                0                 0                0                 0                0                 0                0                 0                
1669072442        0                0                 0                0                 0                0                 0                0                 0                
1669072452        0                0                 0                0                 0                0                 0                0                 0                
1669072463        0                0                 0                0                 0                0                 0                0                 0                
1669072473        0                0                 0                0                 0                0                 0                0                 0                
1669072483        0                0                 0                0                 0                0                 0                0                 0                
1669072494        0                0                 0                0                 0                0                 0                0                 0                
1669072504        0                0                 0                0                 0                0                 0                0                 0                
1669072514        0                0                 0                0                 0                0                 0                0                 0                
1669072524        0                0                 0                0                 0                0                 0                0                 0                
1669072535        0                0                 0                0                 0                0                 0                0                 0                
1669072545        0                0                 0                0                 0                0                 0                0                 0                
1669072556        0                0                 0                0                 0                0                 0                0                 0                
1669072566        0                0                 0                0                 0                0                 0                0                 0                
1669072576        0                0                 0                0                 0                0                 0                0                 0                
1669072587        0                0                 0                0                 0                0                 0                0                 0                
1669072597        0                0                 0                0                 0                0                 0                0                 0                
1669072607        0                0                 0                0                 0                0                 0                0                 0                
1669072617        0                0                 0                0                 0                0                 0                0                 0                
1669072628        0                0                 0                0                 0                0                 0                0                 0                
1669072638        0                0                 0                0                 0                0                 0                0                 0                
1669072648        0                0                 0                0                 0                0                 0                0                 0                
1669072659        0                0                 0                0                 0                0                 0                0                 0                
1669072669        0                0                 0                0                 0                0                 0                0                 0                
1669072679        0                0                 0                0                 0                0                 0                0                 0                
1669072689        0                0                 0                0                 0                0                 0                0                 0                
1669072700        0                0                 0                0                 0                0                 0                0                 0                
1669072710        0                0                 0                0                 0                0                 0                0                 0                
1669072720        0                0                 0                0                 0                0                 0                0                 0                
1669072730        0                0                 0                0                 0                0                 0                0                 0                
1669072741        0                0                 0                0                 0                0                 0                0                 0                
1669072751        0                0                 0                0                 0                0                 0                0                 0                
1669072761        0                0                 0                0                 0                0                 0                0                 0                
1669072772        0                0                 0                0                 0                0                 0                0                 0                
1669072782        0                0                 0                0                 0                0                 0                0                 0                
1669072792        0                0                 0                0                 0                0                 0                0                 0                
1669072802        0                0                 0                0                 0                0                 0                0                 0                
1669072813        0                0                 0                0                 0                0                 0                0                 0                
1669072823        0                0                 0                0                 0                0                 0                0                 0                
1669072834        0                0                 0                0                 0                0                 0                0                 0                
1669072844        0                0                 0                0                 0                0                 0                0                 0                
1669072854        0                0                 0                0                 0                0                 0                0                 0                
1669072864        0                0                 0                0                 0                0                 0                0                 0                
1669072875        0                0                 0                0                 0                0                 0                0                 0                
1669072885        0                0                 0                0                 0                0                 0                0                 0                
1669072895        0                0                 0                0                 0                0                 0                0                 0                
1669072906        0                0                 0                0                 0                0                 0                0                 0                
1669072916        0                0                 0                0                 0                0                 0                0                 0                
1669072926        0                0                 0                0                 0                0                 0                0                 0                
1669072936        0                0                 0                0                 0                0                 0                0                 0                
1669072947        0                0                 0                0                 0                0                 0                0                 0                
1669072957        0                0                 0                0                 0                0                 0                0                 0                
1669072967        0                0                 0                0                 0                0                 0                0                 0                
1669072978        0                0                 0                0                 0                0                 0                0                 0                
1669072988        0                0                 0                0                 0                0                 0                0                 0                
1669072998        0                0                 0                0                 0                0                 0                0                 0                
1669073008        0                0                 0                0                 0                0                 0                0                 0                
1669073019        0                0                 0                0                 0                0                 0                0                 0                
1669073029        0                0                 0                0                 0                0                 0                0                 0                
1669073039        0                0                 0                0                 0                0                 0                0                 0                
1669073050        0                0                 0                0                 0                0                 0                0                 0                
1669073060        0                0                 0                0                 0                0                 0                0                 0                
1669073070        0                0                 0                0                 0                0                 0                0                 0                
1669073080        0                0                 0                0                 0                0                 0                0                 0                
1669073091        0                0                 0                0                 0                0                 0                0                 0                
1669073101        0                0                 0                0                 0                0                 0                0                 0                
1669073111        0                0                 0                0                 0                0                 0                0                 0                
1669073121        0                0                 0                0                 0                0                 0                0                 0                
1669073132        0                0                 0                0                 0                0                 0                0                 0                
1669073142        0                0                 0                0                 0                0                 0                0                 0                
1669073152        0                0                 0                0                 0                0                 0                0                 0                
1669073163        0                0                 0                0                 0                0                 0                0                 0                
1669073173        0                0                 0                0                 0                0                 0                0                 0                
1669073183        0                0                 0                0                 0                0                 0                0                 0                
1669073193        0                0                 0                0                 0                0                 0                0                 0                
1669073204        0                0                 0                0                 0                0                 0                0                 0                
1669073214        0                0                 0                0                 0                0                 0                0                 0                
1669073224        0                0                 0                0                 0                0                 0                0                 0                
1669073235        0                0                 0                0                 0                0                 0                0                 0                
1669073245        0                0                 0                0                 0                0                 0                0                 0                
1669073255        0                0                 0                0                 0                0                 0                0                 0                
1669073265        0                0                 0                0                 0                0                 0                0                 0                
1669073276        0                0                 0                0                 0                0                 0                0                 0                
1669073286        0                0                 0                0                 0                0                 0                0                 0                
1669073296        0                0                 0                0                 0                0                 0                0                 0                
1669073307        0                0                 0                0                 0                0                 0                0                 0                
1669073317        0                0                 0                0                 0                0                 0                0                 0                
1669073327        0                0                 0                0                 0                0                 0                0                 0                
1669073337        0                0                 0                0                 0                0                 0                0                 0                
1669073348        0                0                 0                0                 0                0                 0                0                 0                
1669073358        0                0                 0                0                 0                0                 0                0                 0                
1669073368        0                0                 0                0                 0                0                 0                0                 0                
1669073379        0                0                 0                0                 0                0                 0                0                 0                
1669073389        0                0                 0                0                 0                0                 0                0                 0                
1669073399        0                0                 0                0                 0                0                 0                0                 0                
1669073409        0                0                 0                0                 0                0                 0                0                 0                
1669073420        0                0                 0                0                 0                0                 0                0                 0                
1669073430        0                0                 0                0                 0                0                 0                0                 0                
1669073440        0                0                 0                0                 0                0                 0                0                 0                
1669073451        0                0                 0                0                 0                0                 0                0                 0                
1669073461        0                0                 0                0                 0                0                 0                0                 0                
1669073471        0                0                 0                0                 0                0                 0                0                 0                
1669073481        0                0                 0                0                 0                0                 0                0                 0                
1669073492        0                0                 0                0                 0                0                 0                0                 0                
1669073502        0                0                 0                0                 0                0                 0                0                 0                
1669073512        0                0                 0                0                 0                0                 0                0                 0                
1669073522        0                0                 0                0                 0                0                 0                0                 0                
1669073533        0                0                 0                0                 0                0                 0                0                 0                
1669073543        0                0                 0                0                 0                0                 0                0                 0                
1669073553        0                0                 0                0                 0                0                 0                0                 0                
1669073564        0                0                 0                0                 0                0                 0                0                 0                
1669073574        0                0                 0                0                 0                0                 0                0                 0                
1669073584        0                0                 0                0                 0                0                 0                0                 0                
1669073595        0                0                 0                0                 0                0                 0                0                 0                
1669073605        0                0                 0                0                 0                0                 0                0                 0                
1669073615        0                0                 0                0                 0                0                 0                0                 0                
1669073625        0                0                 0                0                 0                0                 0                0                 0                
1669073636        0                0                 0                0                 0                0                 0                0                 0                
1669073646        0                0                 0                0                 0                0                 0                0                 0                
1669073656        0                0                 0                0                 0                0                 0                0                 0                
1669073666        0                0                 0                0                 0                0                 0                0                 0                
1669073677        0                0                 0                0                 0                0                 0                0                 0                
1669073687        0                0                 0                0                 0                0                 0                0                 0                
1669073697        0                0                 0                0                 0                0                 0                0                 0                
1669073708        0                0                 0                0                 0                0                 0                0                 0                
1669073718        0                0                 0                0                 0                0                 0                0                 0                
1669073728        0                0                 0                0                 0                0                 0                0                 0                
1669073738        0                0                 0                0                 0                0                 0                0                 0                
1669073749        0                0                 0                0                 0                0                 0                0                 0                
1669073759        0                0                 0                0                 0                0                 0                0                 0                
1669073769        0                0                 0                0                 0                0                 0                0                 0                
1669073780        0                0                 0                0                 0                0                 0                0                 0                
1669073790        0                0                 0                0                 0                0                 0                0                 0                
1669073800        0                0                 0                0                 0                0                 0                0                 0                
1669073810        0                0                 0                0                 0                0                 0                0                 0                
1669073821        0                0                 0                0                 0                0                 0                0                 0                
1669073831        0                0                 0                0                 0                0                 0                0                 0                
1669073841        0                0                 0                0                 0                0                 0                0                 0                
1669073852        0                0                 0                0                 0                0                 0                0                 0                
1669073862        0                0                 0                0                 0                0                 0                0                 0                
1669073872        0                0                 0                0                 0                0                 0                0                 0                
1669073882        0                0                 0                0                 0                0                 0                0                 0                
1669073893        0                0                 0                0                 0                0                 0                0                 0                
1669073903        0                0                 0                0                 0                0                 0                0                 0                
1669073913        0                0                 0                0                 0                0                 0                0                 0                
1669073924        0                0                 0                0                 0                0                 0                0                 0                
1669073934        0                0                 0                0                 0                0                 0                0                 0                
1669073944        0                0                 0                0                 0                0                 0                0                 0                
1669073955        0                0                 0                0                 0                0                 0                0                 0                
1669073965        0                0                 0                0                 0                0                 0                0                 0                
1669073975        0                0                 0                0                 0                0                 0                0                 0                
1669073985        0                0                 0                0                 0                0                 0                0                 0                
1669073996        0                0                 0                0                 0                0                 0                0                 0                
1669074006        0                0                 0                0                 0                0                 0                0                 0                
1669074016        0                0                 0                0                 0                0                 0                0                 0                
1669074027        0                0                 0                0                 0                0                 0                0                 0                
1669074037        0                0                 0                0                 0                0                 0                0                 0                
1669074047        0                0                 0                0                 0                0                 0                0                 0                
1669074057        0                0                 0                0                 0                0                 0                0                 0                
1669074068        0                0                 0                0                 0                0                 0                0                 0                
1669074078        0                0                 0                0                 0                0                 0                0                 0                
1669074088        0                0                 0                0                 0                0                 0                0                 0                
1669074099        0                0                 0                0                 0                0                 0                0                 0                
1669074109        0                0                 0                0                 0                0                 0                0                 0                
1669074119        0                0                 0                0                 0                0                 0                0                 0                
1669074129        0                0                 0                0                 0                0                 0                0                 0                
1669074140        0                0                 0                0                 0                0                 0                0                 0                
1669074150        0                0                 0                0                 0                0                 0                0                 0                
1669074161        0                0                 0                0                 0                0                 0                0                 0                
1669074171        0                0                 0                0                 0                0                 0                0                 0                
1669074181        0                0                 0                0                 0                0                 0                0                 0                
1669074191        0                0                 0                0                 0                0                 0                0                 0                
1669074202        0                0                 0                0                 0                0                 0                0                 0                
1669074212        0                0                 0                0                 0                0                 0                0                 0                
1669074222        0                0                 0                0                 0                0                 0                0                 0                
1669074233        0                0                 0                0                 0                0                 0                0                 0                
1669074243        0                0                 0                0                 0                0                 0                0                 0                
1669074253        0                0                 0                0                 0                0                 0                0                 0                
1669074263        0                0                 0                0                 0                0                 0                0                 0                
1669074274        0                0                 0                0                 0                0                 0                0                 0                
1669074284        0                0                 0                0                 0                0                 0                0                 0                
1669074294        0                0                 0                0                 0                0                 0                0                 0                
1669074305        0                0                 0                0                 0                0                 0                0                 0                
