TIMESTAMP        work2-RQ         work2-RD         work2-WR         
10.000000         96.100000         8.577128          0.000824         
20.000000         111.000000        4.890871          0.001099         
31.000000         9.090909          0.115772          0.000999         
41.000000         5.800000          0.001658          0.001099         
51.000000         71.800000         0.309693          0.001099         
62.000000         636.545454        3.099865          0.051828         
72.000000         2427.600000       0.001933          0.041855         
82.000000         2422.200000       0.001933          0.041618         
92.000000         2469.900000       0.001933          0.043251         
103.000000        2249.545454       0.001757          0.038571         
113.000000        2483.700000       0.001934          0.043234         
123.000000        2448.500000       0.001934          0.042224         
134.000000        2083.090909       0.001758          0.035921         
144.000000        2435.300000       0.001934          0.041957         
154.000000        2509.300000       0.001934          0.044135         
164.000000        2452.700000       0.001934          0.041822         
175.000000        2278.636363       0.001758          0.039353         
185.000000        2481.700000       0.001934          0.043309         
195.000000        2477.700000       0.001934          0.042805         
206.000000        2288.363636       0.001758          0.039415         
216.000000        2463.000000       0.001934          0.042219         
226.000000        2451.200000       0.001934          0.042051         
237.000000        2201.272727       0.001758          0.038006         
247.000000        949.200000        10.655334         0.029895         
257.000000        6.400000          0.002211          0.001377         
268.000000        6.727272          0.002010          0.023667         
278.000000        6.400000          0.002211          0.001376         
288.000000        6.400000          0.002211          0.001376         
298.000000        6.400000          0.002211          0.001376         
309.000000        6.090909          0.002010          0.001251         
319.000000        6.400000          0.002211          0.001376         
329.000000        6.400000          0.002211          0.001376         
339.000000        6.400000          0.002211          0.001376         
350.000000        5.818181          0.002010          0.001251         
360.000000        6.400000          0.002212          0.001376         
370.000000        6.400000          0.002212          0.001376         
381.000000        6.090909          0.002010          0.001251         
391.000000        6.400000          0.002212          0.001376         
401.000000        6.400000          0.002212          0.001376         
411.000000        6.400000          0.002212          0.001376         
422.000000        5.818181          0.002010          0.001251         
432.000000        6.400000          0.002212          0.001376         
442.000000        6.400000          0.002212          0.001376         
452.000000        6.800000          0.002212          0.001376         
463.000000        5.818181          0.002010          0.001251         
473.000000        6.400000          0.002212          0.001376         
483.000000        6.400000          0.002212          0.001376         
494.000000        5.818181          0.002011          0.001251         
504.000000        36.300000         0.028389          0.030603         
514.000000        34.900000         0.028417          0.014485         
525.000000        5.545454          0.001761          0.001126         
535.000000        6.400000          0.001937          0.001239         
545.000000        6.100000          0.001937          0.001239         
556.000000        5.727272          0.001761          0.001126         
566.000000        6.100000          0.001937          0.001239         
576.000000        164.600000        4.777059          0.004013         
586.000000        116.600000        9.234323          0.001240         
597.000000        5.545454          0.001762          0.001127         
607.000000        6.400000          0.001938          0.001239         
617.000000        6.100000          0.001938          0.001240         
628.000000        5.545454          0.001762          0.001127         
638.000000        6.100000          0.001938          0.001240         
648.000000        6.100000          0.001938          0.001240         
658.000000        6.100000          0.001938          0.001240         
669.000000        5.545454          0.001762          0.001127         
679.000000        6.500000          0.001938          0.001240         
689.000000        6.100000          0.001938          0.001240         
699.000000        6.100000          0.001938          0.001240         
710.000000        5.545454          0.001762          0.001127         
720.000000        6.100000          0.001938          0.001240         
730.000000        6.100000          0.001938          0.001240         
740.000000        6.100000          0.001938          0.001240         
751.000000        5.818181          0.001762          0.001127         
761.000000        6.100000          0.001938          0.001240         
771.000000        6.100000          0.001938          0.001240         
782.000000        5.545454          0.001762          0.001127         
792.000000        6.100000          0.001938          0.001239         
802.000000        6.100000          0.001938          0.001240         
812.000000        6.100000          0.001938          0.001240         
823.000000        5.545454          0.001762          0.001127         
833.000000        6.400000          0.001938          0.001240         
843.000000        6.100000          0.001938          0.001240         
853.000000        6.100000          0.001938          0.001240         
864.000000        32.727272         0.025810          0.034633         
874.000000        6.400000          0.002213          0.001377         
884.000000        6.400000          0.002214          0.001377         
895.000000        5.909090          0.002012          0.001252         
905.000000        6.700000          0.002214          0.001377         
915.000000        6.400000          0.002214          0.001377         
926.000000        5.818181          0.002012          0.001252         
936.000000        6.400000          0.002214          0.001377         
946.000000        6.400000          0.002214          0.001377         
956.000000        6.400000          0.002214          0.001377         
967.000000        5.818181          0.002013          0.001252         
977.000000        6.700000          0.002214          0.001378         
987.000000        6.400000          0.002214          0.001378         
997.000000        6.400000          0.002214          0.001378         
1008.000000       5.818181          0.002013          0.001252         
1018.000000       6.400000          0.002214          0.001378         
1028.000000       6.400000          0.002214          0.001378         
1039.000000       5.818181          0.002013          0.001252         
1049.000000       6.400000          0.002214          0.001378         
1059.000000       6.700000          0.002214          0.001378         
1069.000000       6.400000          0.002214          0.001378         
1080.000000       5.818181          0.002013          0.001253         
1090.000000       6.400000          0.002214          0.001378         
1100.000000       6.400000          0.002214          0.001378         
1111.000000       33.181818         0.025857          0.027530         
1121.000000       30.700000         0.024592          0.012567         
1131.000000       6.400000          0.001938          0.001240         
1142.000000       5.545454          0.001762          0.001127         
1152.000000       6.100000          0.001938          0.001240         
1162.000000       6.100000          0.001938          0.001240         
1173.000000       5.545454          0.001762          0.001127         
1183.000000       6.100000          0.001938          0.001240         
1193.000000       6.100000          0.001938          0.001240         
1203.000000       7.400000          0.085717          0.004013         
1214.000000       5.545454          0.001762          0.001127         
1224.000000       6.100000          0.001938          0.001240         
1234.000000       6.100000          0.001938          0.001240         
1244.000000       6.100000          0.001938          0.001240         
1255.000000       5.545454          0.001762          0.001127         
1265.000000       6.100000          0.001938          0.001240         
1275.000000       6.200000          0.001938          0.001240         
1286.000000       5.818181          0.001762          0.001127         
1296.000000       6.100000          0.001938          0.001240         
1306.000000       6.100000          0.001938          0.001240         
1316.000000       6.100000          0.001938          0.001240         
1327.000000       5.545454          0.001762          0.001127         
1337.000000       6.100000          0.001938          0.001240         
1347.000000       6.100000          0.001938          0.001240         
1357.000000       6.400000          0.001938          0.001240         
1368.000000       5.545454          0.001762          0.001127         
1378.000000       6.100000          0.001938          0.001240         
1388.000000       6.100000          0.001938          0.001240         
1399.000000       5.545454          0.001762          0.001127         
1409.000000       6.100000          0.001938          0.001240         
1419.000000       6.100000          0.001938          0.001240         
1429.000000       6.400000          0.001938          0.001240         
1440.000000       5.545454          0.001762          0.001127         
1450.000000       6.100000          0.001938          0.001240         
1460.000000       6.100000          0.001938          0.001240         
1470.000000       6.100000          0.001938          0.001240         
1481.000000       31.636363         0.024847          0.033527         
1491.000000       6.400000          0.002214          0.001378         
1502.000000       6.090909          0.002013          0.001252         
1512.000000       6.400000          0.002214          0.001378         
1522.000000       6.400000          0.002214          0.001378         
1532.000000       6.400000          0.002214          0.001378         
1543.000000       5.818181          0.002013          0.001252         
1553.000000       6.400000          0.002215          0.001378         
1563.000000       6.400000          0.002215          0.001378         
1573.000000       6.400000          0.002215          0.001378         
1584.000000       6.090909          0.002013          0.001253         
1594.000000       6.400000          0.002215          0.001378         
1604.000000       6.400000          0.002215          0.001378         
1615.000000       5.818181          0.002013          0.001253         
1625.000000       6.400000          0.002215          0.001378         
1635.000000       6.400000          0.002215          0.001378         
1645.000000       6.400000          0.002215          0.001378         
1656.000000       6.090909          0.002013          0.001253         
1666.000000       6.400000          0.002215          0.001378         
1676.000000       6.400000          0.002215          0.001378         
1687.000000       5.818181          0.002013          0.001253         
1697.000000       6.400000          0.002215          0.001378         
1707.000000       6.400000          0.002215          0.001378         
1718.000000       33.181818         0.025849          0.026708         
1728.000000       34.400000         0.027174          0.013863         
1738.000000       6.100000          0.001938          0.001240         
1749.000000       5.545454          0.001762          0.001127         
1759.000000       6.100000          0.001938          0.001240         
1769.000000       6.100000          0.001938          0.001240         
1780.000000       5.545454          0.001762          0.001127         
1790.000000       6.100000          0.001938          0.001240         
1800.000000       6.100000          0.001938          0.001240         
1810.000000       6.400000          0.001938          0.001240         
1821.000000       5.545454          0.001762          0.001127         
1831.000000       6.100000          0.001938          0.001240         
1841.000000       7.000000          0.085717          0.004013         
1851.000000       6.100000          0.001938          0.001240         
1862.000000       5.545454          0.001762          0.001127         
1872.000000       6.100000          0.001938          0.001240         
1882.000000       6.400000          0.001938          0.001240         
1893.000000       5.545454          0.001762          0.001127         
1903.000000       6.100000          0.001938          0.001240         
1913.000000       6.100000          0.001938          0.001240         
1923.000000       6.100000          0.001938          0.001240         
1934.000000       5.545454          0.001762          0.001127         
1944.000000       6.100000          0.001938          0.001240         
1954.000000       6.400000          0.001938          0.001240         
1964.000000       6.100000          0.001938          0.001240         
1975.000000       5.545454          0.001762          0.001127         
1985.000000       6.100000          0.001938          0.001240         
1995.000000       6.100000          0.001938          0.001240         
2006.000000       5.545454          0.001762          0.001127         
2016.000000       6.100000          0.001938          0.001240         
2026.000000       6.400000          0.001938          0.001240         
2036.000000       6.100000          0.001938          0.001240         
2047.000000       5.545454          0.001762          0.001127         
2057.000000       6.100000          0.001938          0.001240         
2067.000000       6.100000          0.001938          0.001240         
2077.000000       6.100000          0.001938          0.001240         
2088.000000       5.545454          0.001762          0.001127         
2098.000000       6.100000          0.001938          0.001240         
2108.000000       6.400000          0.001938          0.001240         
2119.000000       6.818181          0.002013          0.021924         
2129.000000       6.400000          0.002214          0.001378         
2139.000000       6.400000          0.002214          0.001378         
2149.000000       6.400000          0.002215          0.001378         
2160.000000       5.818181          0.002013          0.001253         
2170.000000       6.400000          0.002215          0.001378         
2180.000000       6.700000          0.002215          0.001378         
2190.000000       6.400000          0.002215          0.001378         
2201.000000       5.818181          0.002013          0.001253         
2211.000000       6.400000          0.002215          0.001378         
2221.000000       6.400000          0.002215          0.001378         
2232.000000       5.818181          0.002013          0.001253         
2242.000000       6.400000          0.002215          0.001378         
2252.000000       6.800000          0.002215          0.001378         
2262.000000       6.400000          0.002215          0.001378         
2273.000000       5.818181          0.002013          0.001253         
2283.000000       6.400000          0.002215          0.001378         
2293.000000       6.400000          0.002215          0.001378         
2304.000000       5.818181          0.002013          0.001253         
2314.000000       6.400000          0.002215          0.001378         
2324.000000       6.400000          0.002215          0.001378         
2334.000000       6.700000          0.002215          0.001378         
2345.000000       7.272727          0.002013          0.015458         
2355.000000       6.100000          0.001938          0.001240         
2365.000000       6.100000          0.001938          0.001240         
2376.000000       5.545454          0.001762          0.001127         
2386.000000       6.100000          0.001938          0.001240         
2396.000000       6.100000          0.001938          0.001240         
2406.000000       6.400000          0.001938          0.001240         
2417.000000       5.545454          0.001762          0.001127         
2427.000000       6.100000          0.001938          0.001240         
2437.000000       6.100000          0.001938          0.001240         
2447.000000       6.100000          0.001938          0.001240         
2458.000000       5.545454          0.001762          0.001127         
2468.000000       6.100000          0.001938          0.001240         
2478.000000       6.500000          0.001938          0.001240         
2489.000000       5.545454          0.001762          0.001127         
2499.000000       7.000000          0.085717          0.004013         
2509.000000       6.100000          0.001938          0.001240         
2519.000000       6.100000          0.001938          0.001240         
2530.000000       5.545454          0.001762          0.001127         
2540.000000       6.100000          0.001938          0.001240         
2550.000000       6.100000          0.001938          0.001240         
2560.000000       6.400000          0.001938          0.001240         
2571.000000       5.545454          0.001762          0.001127         
2581.000000       6.100000          0.001938          0.001240         
2591.000000       6.100000          0.001938          0.001240         
2602.000000       5.545454          0.001762          0.001127         
2612.000000       6.100000          0.001938          0.001240         
2622.000000       6.100000          0.001938          0.001240         
2632.000000       6.400000          0.001938          0.001240         
2643.000000       5.545454          0.001762          0.001127         
2653.000000       6.100000          0.001938          0.001240         
2663.000000       6.100000          0.001938          0.001240         
2673.000000       6.100000          0.001938          0.001240         
2684.000000       5.545454          0.001762          0.001127         
2694.000000       6.100000          0.001939          0.001240         
2704.000000       6.400000          0.001939          0.001240         
2714.000000       6.100000          0.001939          0.001240         
2725.000000       5.545454          0.001762          0.001127         
2735.000000       6.100000          0.001939          0.001240         
2745.000000       6.100000          0.001939          0.001240         
2755.000000       6.100000          0.001939          0.001240         
2766.000000       5.545454          0.001762          0.001127         
2776.000000       6.400000          0.001939          0.001240         
2786.000000       6.100000          0.001939          0.001240         
2797.000000       5.545454          0.001762          0.001127         
2807.000000       7.500000          0.002215          0.024106         
2817.000000       6.400000          0.002215          0.001378         
2827.000000       6.400000          0.002215          0.001378         
2838.000000       5.818181          0.002013          0.001253         
2848.000000       6.400000          0.002215          0.001378         
2858.000000       6.700000          0.002215          0.001378         
2868.000000       6.400000          0.002215          0.001378         
2879.000000       5.818181          0.002013          0.001253         
2889.000000       6.400000          0.002215          0.001378         
2899.000000       6.400000          0.002215          0.001378         
2910.000000       5.818181          0.002013          0.001253         
2920.000000       6.400000          0.002215          0.001378         
2930.000000       6.700000          0.002215          0.001378         
2940.000000       6.400000          0.002215          0.001378         
2951.000000       5.818181          0.002013          0.001253         
2961.000000       6.400000          0.002215          0.001378         
2971.000000       6.400000          0.002215          0.001378         
2981.000000       6.400000          0.002215          0.001378         
2992.000000       5.818181          0.002013          0.001253         
3002.000000       6.800000          0.002215          0.001378         
3012.000000       6.400000          0.002215          0.001378         
3023.000000       5.818181          0.002013          0.001253         
3033.000000       6.400000          0.002215          0.001378         
3043.000000       7.600000          0.001109          0.015930         
